X,Y
-0.0,0.0
0.003509974823315826,-0.0019183526108849326
-0.0029042452366557807,-0.00851853036652228
0.0007461240200918463,-0.012978570759010483
0.0027826588744012835,-0.01677071285272978
0.0030792222835081106,-0.021783443027417568
0.0031751231455706187,-0.025805398524542528
0.0019029998512982151,-0.030941535055099625
-0.0035838078454905734,-0.034816035405063
-0.0043036148738508796,-0.03876182269988822
-0.005859807111294495,-0.04360805729012039
-0.006106968939523011,-0.0476099247045372
-0.007543154673005217,-0.05144998364994025
-0.008944611612417556,-0.056293817805359456
-0.010114107010505925,-0.06015567171414542
-0.010328364621823074,-0.06417417614772061
-0.013122105350082378,-0.06875907468241076
-0.01401728843005606,-0.0726602754265948
-0.015661914815733837,-0.07743193413769733
-0.018240552704645814,-0.08097087276934242
-0.019628506779151966,-0.08475683878968578
-0.021293972566322213,-0.08950176943694865
-0.02165904196320217,-0.09352478762999811
-0.023631753668246318,-0.09716758831299317
-0.024507152247637002,-0.10209994852452738
-0.029134051300243637,-0.10503431370192683
-0.031290550341800304,-0.10858131266155913
-0.02857290978917285,-0.11448837856385156
0.0031016027113951114,-0.12196056764635309
0.0031017570318509526,-0.12696211680385358
0.0018897027859254491,-0.1309863696091348
0.0032971433015738473,-0.13495973046078927
-0.1329791633458519,-0.043778329294723514
-0.13659735771128886,-0.04557589128359633
-0.14797338998812345,0.0028063954501689426
-0.1526149240544017,0.010848269717757123
-0.15585277907230657,0.018944953297350776
-0.1596001816960672,0.021184475508785463
-0.1637736264034372,0.027096112168858776
-0.1680131617157205,-0.025914812179276027
-0.16798810653609314,-0.049040759194961675
-0.17270286100647042,-0.047060830848804205
-0.1765139420740986,-0.048289007584146566
-0.18252014290069776,-0.04505993159680642
0.009102323737047311,-0.1917841174409028
-0.00011256035641113053,-0.19599996767899266
-0.19479002441140433,-0.049576671830655485
-0.20009372025664554,-0.04458142117357047
-0.12313435600221913,0.1688754877769973
-0.08999127658221288,0.1941586210784977
-0.12826058055808864,0.17627598666551847
-0.13407052457795626,0.17819678571565656
-0.09318682056831287,0.20699086084262044
-0.09524996569576948,0.21044819798457468
-0.10116574059100732,0.21321700900883356
0.15065097229372043,-0.18682688389778562
0.15448764318146116,-0.18886388777169005
0.15957279934341662,-0.1911479053238766
0.15979397742084384,-0.19615015875605826
0.1623203644156398,-0.19925134703678646
0.16729977214282946,-0.2016303207381205
0.16882830500074084,-0.20555535368989258
0.17800175259463596,-0.20434376935262308
-0.2502196972551047,0.11408375478377177
-0.24284217554987206,0.1373633057777991
-0.24420357207553073,0.14498487985149022
-0.24734851007542955,0.1475219121468574
-0.2601024062919658,0.1327054567119572
0.08497532086299628,0.28458424911479346
0.06426666739104729,0.2940591700023118
0.07757421367680428,0.2949698990955272
0.09136451833597545,0.29623052643040554
0.12232563935818326,0.28919273496340064
0.0851386519930319,0.30742870707988446
0.06548872608545439,0.3162913637071116
0.08601254170142573,0.3154850910424461
0.2882197366833315,-0.16478283704983074
0.289670092000019,-0.17025638842845384
0.30104735859028936,-0.15802052995041424
0.3076893373415522,-0.1560521441259827
0.31141445573808646,-0.15755010871894495
-0.3257876179812831,-0.13590963163102726
-0.3341315315374965,-0.12853061749018005
-0.3373422763550894,-0.13131712981772983
-0.3374229746020775,-0.14434242692530064
-0.3382668120113725,-0.15236982605379187
-0.35013257164924544,-0.13428396132928905
-0.3589730014668441,-0.124653055389289
-0.3594895088527618,-0.13499367772158855
-0.3474576109546631,-0.17267660116436742
-0.30404260989276893,-0.24901223136543624
-0.19296533785030634,-0.34694866823251697
-0.1818126891269234,-0.35741452974443655
-0.14930120623793972,-0.3775515194193982
0.36207039241434924,-0.1923669174700243
0.3730749939558638,-0.18176921874957866
0.3795588987630386,-0.1774712437827306
0.3824626472731116,-0.18069677208197005
0.3889711888695837,-0.17856487400769128
0.3904154137530262,-0.18493189206854876
0.3856429177114786,-0.2034097834888424
0.3852306009950964,-0.21465876189188465
0.29786693237629025,0.3306059445877199
0.28245103078009337,0.34903067946996114
0.2873573750758449,0.35148504803123587
0.3007401538674292,0.34542634504593744
0.29448534991829395,0.35727773326013473
-0.42107145765453086,-0.20195996521263476
-0.4224118298846638,-0.20834885642472292
-0.4165319056238788,-0.23038483369644816
-0.4104058370630526,-0.24893181577406917
-0.4260835917576174,-0.2295839124044366
-0.43659042096930595,-0.22024941388762928
-0.4436580383955225,-0.21498033623342644
-0.4474741988699021,-0.21627723261069182
-0.3971795992956637,-0.3070054818783143
-0.5038116533022355,-0.047008701288888954
-0.5103102589224427,0.026541281779700037
-0.514105017597334,0.030348490592531155
-0.5179715849968318,0.032656349089723466
-0.5184279212322636,0.07621345345012251
-0.5215913276719506,0.0820151626067516
-0.5270179183431772,0.07263686216532315
-0.5291235072454448,-0.05524775181199501
-0.5380748447740331,-0.05618239422986711
-0.419557187357634,-0.3478458948105486
-0.43374535195440267,-0.3381789018521874
-0.4264856546717968,-0.3535901389450347
-0.41832885824096133,-0.37078560700600793
-0.4220683013715141,-0.37259542264682305
-0.45027155991440193,-0.34459327087488384
-0.45493656366775304,-0.3467228331653057
-0.4656877028678575,-0.3389851964284842
-0.45345372050866684,-0.3616347927908041
0.4048917230286114,-0.42224127299794145
0.4016686603181824,-0.43079378746471797
0.42639308540673315,-0.41211398510281877
0.45335590648506674,-0.38996464205758885
0.4769117811543838,-0.36736787148055433
0.5109124596304858,-0.3277460275797819
-0.5883663982137859,-0.16476037585820422
-0.5875252645519502,-0.1817665082273433
-0.589294296231828,-0.19269725589285
-0.1336366093944545,0.6095221543385884
-0.06509005439575048,0.6246177109390657
0.0020046703995428372,0.6329968256607527
0.018576707353840264,0.6367290679275525
-0.0005339906584775687,0.6409997775771663
0.6449275666714168,0.03720797961842587
0.27062667189234724,-0.5909832522673311
0.277040263334133,-0.5924227312415976
0.3868743278381518,-0.5334878203481109
0.4308700235003305,-0.5039047755765217
0.452111572344201,-0.4917510814959682
0.4295259421015406,-0.5168089250988068
0.4305210466007993,-0.5211790752071235
0.3229972245681869,0.599527975094781
0.32429120647308995,0.6033740244692573
0.32375468524404144,0.6081972572961273
0.06115940081129211,-0.6912998826069651
0.074016381856939,-0.6940645324584795
0.08699256260870487,-0.6965890424423646
0.08480527233084946,-0.7018953381985739
0.6611849257968473,-0.2614488361018605
0.6385068312027543,-0.3239830651552907
0.6713912442925598,-0.26006498627706176
0.6824200480941763,-0.24182406406133775
0.1982048449926942,0.7015381952690972
0.28297901660460123,0.6761744421090558
0.2818015141280025,0.6809969945860005
0.2637139281087507,0.6935553071828178
-0.3449158087733041,0.6614749313906443
-0.2759319581551895,-0.697396267891249
-0.2889682005133282,-0.6975115619773545
-0.3120935193690833,-0.691866052908957
-0.41019245570778434,-0.6445449164181015
0.7343759995428656,0.2247574054295366
0.7390986785991301,0.22297341387039774
0.7390091443898796,0.23998850911687028
0.7430544197938621,0.2404810371418231
0.7471014154571571,0.24096571337414854
0.7535390925285045,0.23723160841531662
0.7536929219574581,0.24976584912919753
0.7577405089584219,0.2502665001222333
0.7666590613624771,0.23883652072245098
0.7709565467243641,0.23848480677570102
0.7747671762407942,0.2430634127545037
0.777104193026742,0.24892784733784987
0.7796530307095236,0.2540495064066343
0.7820748880907579,0.2626478048981723
0.7871765437675836,0.2599886323324955
0.7893930551035415,0.2659842186188818
0.7914158394721549,0.2755085643543308
0.7946382434112845,0.2784134732878925
0.804373736561289,0.262104734658552
0.6922075030503108,0.4950250223179168
0.6665337775114948,0.5354976409250157
0.6511728649063876,0.5617596461206584
0.6398893061930482,0.5805494602699923
0.6555263759711345,0.5689544537185299
0.2280067470595377,-0.8426991890914147
0.7626221477352862,0.43305479997757695
0.7779794256314619,0.4134114334342249
-0.19995831854889792,0.8631411650727229
-0.09916019005678275,0.8844587365772938
-0.17204112589000223,0.8772900609276845
-0.2063938347966259,0.874987191310789
-0.20555398694125354,0.8792932152885947
-0.08761960369449467,0.9037625822351907
0.2610962494153234,0.8738264979624109
0.22959594787252524,0.8867590995983727
0.14432412476330103,0.9096216504741448
0.08161954426491141,0.9213920175441007
-0.2992291680438479,-0.8794901392237361
-0.4677537370384639,0.8026502610019831
-0.47228525871052646,0.8104262054035092
0.7786679281951743,0.5229916419984498
0.7861391556512047,0.5280096854717825
-0.9194879368490908,0.24278165908693025
-0.9276483781582096,0.2310941074550436
-0.948909808185776,0.14549974545968777
-0.9579440912440339,0.10788474429057146
-0.7600352513820878,0.6010885264722381
-0.2983484901975833,0.9261302167604848
0.0628287611264468,0.97497771604038
0.14126211932656724,0.9717865062056412
-0.8917272383530758,-0.4207357037133845
0.948073687044764,0.2708362677584867
0.948073687044764,0.2708362677584867
0.948073687044764,0.2708362677584867
0.9653813202768186,0.27578054039505134
-0.962426020388319,-0.29966674036252827
-0.9790575550821045,-0.25610604021899225
-0.8896331895073814,-0.4927898011596055
0.5259544041970636,0.87510740181175
0.561010097204473,0.8578418681986951
0.614422852487864,0.8266707678034082
-0.9935617969101517,0.28634062883333633
-1.0029544717660837,0.2674440643656472
-1.0064294056608898,0.2737678787240533
-1.003999170008019,0.29697586875571014
-1.0029425889900951,0.3175061624438891
-0.9932056243740243,0.3587179779601308
-0.9914546612879831,0.3749902060192117
-0.9968828595097287,0.3747660128876505
-0.9801494498090096,0.4266943356069958
-1.0032339200213456,0.3805925665572096
-1.0109354647660056,0.37429064385626915
-1.018026591890114,0.3665322062310483
-1.0264861504591358,0.3545732405520537
-1.034028762330487,0.3479447063446737
-1.0409207949226924,0.3398660010908856
-1.0463546019122432,0.33932587148207755
-1.0541705364831075,0.327933651842743
-1.0586461221650085,0.3270051804253108
-1.066972285966187,0.3167635411155923
-1.0695266965364065,0.32218262739620424
-1.0717266016145393,0.32869908942945153
-1.0825852848033364,0.30965319492503024
1.0488155732157358,-0.4205780467168337
1.0262921857886105,-0.48236951540207856
1.010618052673756,-0.5253305165416392
0.9882791300858562,-0.5742415528649449
0.97303247524066,-0.609189463243607
0.9426673937176394,-0.6621798734645994
0.910836869494118,-0.7118371985012828
0.8801776043965929,-0.7571052666034459
0.8489386568684665,-0.797827147240782
0.8233176547064177,-0.8298849555503004
0.7806502836311796,-0.8768472698632065
0.754759150072368,-0.9044460323214628
0.7222979257938663,-0.9356333183431842
0.6862313120323509,-0.9685326976340851
0.6421258236171742,-1.003072991683041
0.59782073803967,-1.035869859185846
0.5556519665830592,-1.0636027886539123
0.5360511029037497,-1.0780840482428415
0.4868211677214638,-1.106655389296194
0.44815258455379053,-1.127177120490723
0.4028988860092428,-1.14837340950255
0.3581192214270552,-1.1683469618415925
0.31331516018263145,-1.1852888299480984
0.27013352243380456,-1.1999699496477005
0.24223994208365282,-1.2110098308681514
0.18567536426759007,-1.2250084322583652
0.1370905793532074,-1.2364231367345897
1.2092253818183702,-0.30867130732579695
1.2248462657566133,-0.23928147705595526
1.2336792917115889,-0.24100706463087798
-0.05618956543795496,-1.2597474876878674
-0.3644889214155746,1.211351652562257
-1.2206825726619823,-0.3319021795639856
-1.2206825726619823,-0.3319021795639856
-1.233227136649813,-0.33531303200219265
-0.24302947372651248,-1.259772072598934
-0.2727852156921265,-1.2577588107820195
-0.32411828174137275,-1.2506843484432915
-0.37254870632778325,-1.2412991023172035
-0.3997619644162279,-1.2370086385333283
-0.42728620416426244,-1.2330658943182624
-0.4777136869817082,-1.218716797812495
-0.5059490444834123,-1.2116041285776151
-0.5465280595994774,-1.1993461052050114
-0.5721352007623063,-1.1917824096909115
-0.6212100755646107,-1.1714836925954244
-0.6399534664708316,-1.167056365713313
-0.6766995125453109,-1.150783545989835
-0.705619128633095,-1.1391670840166828
-0.7517361379915779,-1.1141044739329913
-0.7617768536004003,-1.1121151133397453
-0.8183585973253887,-1.077449862491811
-0.8347564946287186,-1.069874102254641
-0.865880170719243,-1.050034537505893
-0.9043843745586515,-1.0237406424745268
-0.9213176256150145,-1.0139397579398455
-0.9391565856675418,-1.00292617255573
-0.9811039558952569,-0.9690593520144563
-0.9955411173288983,-0.9599931685733647
-1.0182084971931036,-0.9432896990022531
-0.7276024177708451,1.1867007717424052
-0.6972981838591897,1.2093763859058417
-0.676610297016745,1.2267842132872888
-0.6612521407206079,1.2396655219826085
-0.7639185895815761,1.183938084737414
-1.2107758534642905,0.7303545937883998
-1.1808096933901506,0.7851193972867172
-1.1730022478080273,0.8038343900563817
-1.36627517808759,0.41185086832702483
-1.1900481534189449,0.7946989320139793
-1.142499903845676,0.8699367619043472
-1.2624894366591037,0.6926185258309071
-1.3599947440789912,0.4853352409186038
-1.378698077937069,0.4458616488246461
-1.2896226059836156,0.6693896728632946
-1.328116584340555,0.5991288161986354
-1.2051710430016669,0.8276513499718794
0.2754009384503116,1.4398994142302746
0.326506917639225,1.4332805840915213
0.3405474434255634,1.4351489256437162
0.3716133071791562,1.4315531949345683
0.4214820547058746,1.4228875140224242
0.42119119107259356,1.4271446950337061
0.4280439560325297,1.4292803684735973
0.6049198037455462,1.36933598179426
0.5982873185631962,1.3766093434400553
0.5832755607811202,1.3873768846984116
0.6253292276155761,1.3744320125381637
0.5347338560807334,1.4164235606488016
0.536146627166812,1.4201657629226425
0.5677135002905226,1.4132340151538536
0.6044466264988956,1.4022743225610688
0.5979737625352015,1.4104791311180378
0.602362174465678,1.412959946627285
0.671207820159256,1.386030325121734
0.6678195723772488,1.3932128404338904
0.6681514006834892,1.3974887140026182
0.6586466794074308,1.4064115868783096
-0.827612339805761,1.320008263232179
-0.7652827954620377,1.361685074813486
-0.9944219111780128,1.209744213695221
-1.1026366213766599,1.1190323861260962
-0.9087332988353375,1.2864014892668016
-1.1519913491335143,1.0813491256396084
-0.9649313124504133,1.2561701963717826
-1.055456000680276,1.1864892037553472
-0.8313072255455195,1.358888257641448
-0.8738825086479688,1.3366893285573627
-0.9380624455360806,1.2973973363140792
-0.9604072055497052,1.2871884087142047
-0.9653781147806672,1.2884661794174208
-0.753913991301744,1.4270983475988872
-0.9681813610118135,1.2976077420350542
-0.9535812948791266,1.3133208724666825
-0.7096163732398157,1.465205993309463
-0.9107164345237813,1.3542597889209775
-0.9237798850272811,1.3502321000550175
-0.691561800362908,1.4881610384225268
-0.9179709159262379,1.365047397533706
-0.9446832650587722,1.3515822315781965
-0.7194603465460315,1.489326293915428
-0.893339270748003,1.3967494218146024
-0.9616429953876265,1.3555392836144267
-0.9371525904689815,1.378634840041872
-0.9518005796597172,1.3734324361101373
-0.9422122025351006,1.3860779795501963
-0.961065150997119,1.3779527479340083
-0.9059291038080339,1.4195592481025834
-0.4570468742796414,1.625985594865837
0.4710934432385412,1.6261365157137502
0.4493412519033975,1.6364294788770728
0.4686913122831427,1.636194503654839
0.4894390006645414,1.634284389152786
0.05809741124486427,1.7090127825170427
-0.20533770668795748,1.7026630395389837
-0.7384336487347208,1.5523133531656317
-1.628289185072946,0.5664365187507613
-1.7164314120186728,0.19961765411803042
1.5734185730810848,0.7240013769900462
0.5547300554446273,-1.646038749722011
0.5609544778316926,-1.6481538380262244
0.6017241359123131,-1.63797224160258
0.5155804072710959,-1.6723267753756055
0.5451773714688258,-1.667122561072923
-1.6515510369094681,0.6024476512388947
-1.6550366471571463,0.6074723833779041
-1.6642040947282393,0.593897071124081
-1.6572966945603973,0.6271775396163202
-1.6647794091424808,0.6186158087983303
-1.6660355343655604,0.6266782254325272
-1.6630540376947878,0.6484414142442345
-1.6661300416456706,0.6515609597925553
-1.663241757437265,0.669683400060803
-1.67711786653053,0.6481355273120613
-1.6702410012358404,0.676386722068594
-1.6746255794788536,0.6762138482426351
-1.6674923090042255,0.7065340751950724
-1.6802390984365307,0.6863101136404692
-1.6821015815989444,0.6949347229649198
-1.6766023085268196,0.7183179651397694
-1.6802790679753434,0.7198932238352515
-1.7052222771363414,0.6723882699437502
-1.708268728754449,0.6755641719034978
-1.7092665917218401,0.683877707213508
-1.7166380366253202,0.6788739582655727
-1.725745379598146,0.6665604884747159
-1.725437604317821,0.6783664744118614
-1.7182781218777496,0.7095077842252847
-1.7226855047143732,0.7093120976319133
-1.7157088648110546,0.7387605100496116
-1.7186415575902632,0.7420614506385
-1.7101955719626938,0.7711077133832827
-1.7077258432500015,0.7885641662515936
-1.7275738731624302,0.7541309652617108
-1.7312398124158253,0.7557312431720804
-1.719528307876397,0.7940141046680055
-1.7093847492335088,0.8248683404567625
-1.8121532285457063,0.5776717720915339
-1.8186464306552268,0.573737013155856
-1.8394057827952492,0.5181769641921535
-1.8406365879694628,0.528471334159322
-1.8566516336905334,0.4891264776254425
-1.8487552197825259,0.5328040327614498
-1.792979539734456,0.7115232744567238
-1.804431614319317,0.6931922887950962
-1.8081655648921453,0.6946267270543721
-1.8079136902687136,0.7090924400520439
-1.8144652196367776,0.7033007654826346
-1.8230834890125347,0.6920018728947795
-1.8305185375626973,0.6864596737167626
-1.8376802224265854,0.6786843154974013
-1.8427889610717405,0.6763858698643368
-1.8593887824073334,0.6447459622655843
-1.8586000224517742,0.6590826629052415
-1.8665929608553133,0.6514289819200518
-1.8729655959616545,0.645260316728067
-1.8886926740545769,0.6107904574996015
-1.8891174291912802,0.6255680128696868
-1.8929146501544787,0.6268254360111334
-1.901675785938494,0.6128892274915684
-1.9088771682776433,0.6067923503376802
-1.9215937508211585,0.5792464560142528
-1.931131176057373,0.5611179741010504
-1.9284565479117937,0.5876319790618347
-1.9363570615988563,0.575257620545997
-1.9501280734525945,0.545550636634283
-1.9556112677275748,0.5407638759541423
-1.9632113600273253,0.5281005168144213
-1.9737439305529134,0.5077193088760119
-1.9830939310488849,0.48693167964004985
-1.9840154810616752,0.49979853031757515
-1.9937746772117715,0.4811065750008998
-2.0028446016366828,0.46004184776474183
-2.0121297137721763,0.436823780207878
-2.0196068810312324,0.4257746423770403
-2.026868857426349,0.4103981418028197
-2.033800957123168,0.4012264532715729
-2.040100630270412,0.3897671335172682
-2.0436380277315993,0.3925616023114057
-2.057744715910927,0.34217347083118316
-2.065655951693977,0.31806522795057324
-2.0752902480108473,0.27929623433027956
-2.0793963241098123,0.2862025983086121
-2.0855862584314253,0.2700721359970508
-2.093136441660955,0.24130651999255484
-2.1012841295520484,0.21248295671109704
-2.1074781591924805,0.1897150719544297
-2.112266802961388,0.19227572157523037
-2.120543113106209,0.1375569171573275
-2.126146758574757,0.1101860290692702
1.591992271449841,-1.421096973342768
0.9569218231583266,-1.9118955579119232
0.3646158309406991,-2.1107390402007122
-0.5123178684688473,-2.0849794727161073
-2.1506600908439197,0.038238379296500466
-1.6893344982510248,-1.3379738237420633
-2.0246764361293175,-0.7525193213351318
-2.1634350175828256,-0.04944617979581392
-2.0920602385138,0.5725774693695018
-2.1686586773061403,-0.13728998996569866
-2.172787142277513,-0.13536999059436405
-2.173320775562862,-0.19442429505296108
-2.173679139423783,-0.23176496463849194
-2.174192646957596,-0.2626524964958877
-2.174665776177152,-0.2980834814675651
-2.1764849747278108,-0.3138696461655404
-2.1722702325504035,-0.36667565609870545
-2.178293211853454,-0.36097462956995374
-2.172517708398467,-0.4160658682168904
-2.1713771801207713,-0.4474484793255726
-2.164907633723151,-0.49599993694276406
-2.1697960600838284,-0.4925546240212305
-2.162743617701732,-0.5435439670260581
-2.1582117602177915,-0.576955802516642
-2.1405264444728824,-0.6532920790215361
-2.1498393392214843,-0.6397185439986336
-2.141789471996651,-0.6795195785584891
-2.1242179191242196,-0.7447813317152692
-2.1120008645099753,-0.7930878566143327
-2.1093219588679943,-0.8113944009156617
-2.0938651259004035,-0.8636861898502767
-2.078932300026088,-0.9090662747612193
2.1625642716919957,0.6998891132181356
2.161640618707096,0.7187446247142324
2.1725279761743455,0.6983166851363379
2.170670179798186,0.7169288462148186
2.1761353364514835,0.7163211552419689
2.178495284499202,0.7219302566139902
2.1830143234278343,0.7210058693997673
2.193472592947279,0.7050489231174945
2.1937218890182875,0.7172504957419233
2.205552320166748,0.696784014603575
2.210758063238818,0.6935688760494889
2.2124803891636025,0.7014068203022229
2.2034917754110404,0.7449160997695655
2.2117185241320874,0.7329400862355544
2.215515465804417,0.7341983524780189
2.215056890471212,0.7512948635362853
2.225528194371814,0.7325798632614288
2.2386787976764557,0.7047880822161368
2.240604934220345,0.715257665982996
2.2465548060150704,0.7097376300933949
-1.5684429310412265,-1.764740142929493
-1.5246133800966402,-1.8079765046123524
-1.488826346932699,-1.8427037495699183
-1.4169312182319067,-1.9047787070418036
-1.4001681055213273,-1.9220856578937415
-1.3065370436850205,-1.99170403260093
-1.2992838165301772,-2.002406193583804
-1.2243209381915305,-2.0537573469876644
-1.1662032619582794,-2.091887891785281
-1.1052338567017306,-2.130365724940255
-1.0878260891171785,-2.143793460162621
-1.0251602182339228,-2.1799833776775857
-0.9387202203923242,-2.2229200048194686
-0.8708108612726623,-2.254679011276231
-0.8431679211589396,-2.2704959495071804
-0.7644608454554277,-2.3024064836091767
-0.7008559105291522,-2.3267361244190012
-0.6061421121272258,-2.3583504277155134
-0.5336288900784213,-2.379907814952855
-0.4867241132579873,-2.3940235248579382
-0.42760103413964645,-2.4103653987731204
-0.29493231035669826,-2.434197800571609
-0.23202278320826078,-2.446020120128265
-0.1809030085992258,-2.454342091371891
-0.0827450713084345,-2.4636108160937598
-0.008828471485662957,-2.469984222235281
0.2873869319465973,-2.457251462782416
1.0339646367659376,-2.251977160167812
1.0518210609459515,-2.249213519377503
-1.187033578399172,-2.1854336603413196
-1.3829428565448356,-2.071847015474746
-1.7510759884955445,-1.7786930264984884
-1.7395738801403162,-1.795517394940401
0.4998018798554621,-2.454632982931042
-0.05663407710637236,-2.508360735881167
-0.18221912745127558,-2.5063848845679897
-0.3353407796872623,-2.4955701876482532
-0.4504562427018203,-2.4814457828876613
-0.6532276628608212,-2.44007574072474
-0.7807137649085105,-2.407581154869422
-0.9156888870146938,-2.3638398554465976
-1.0597601703730162,-2.3072558118446587
-1.17380548962201,-2.257014991650085
-1.3352251261236754,-2.170133143972511
-1.42584605093266,-2.117728037081187
-1.5425193446808185,-2.0393339773772854
-1.629330725357811,-1.9758548497814783
-1.7669804729984193,-1.8606815977061424
-1.8712667661553597,-1.76160741650416
-1.9633507421798737,-1.6645509494100017
-2.024320324535721,-1.597926225979033
-2.09589284065547,-1.5096761906081528
-2.1636140285528187,-1.4182183666309798
-2.260605761106701,-1.2681189190494682
-2.3142501691788167,-1.176206680161195
-2.379984639057381,-1.0492254847509697
-2.416045535324491,-0.9740374588477557
-2.4671894850228338,-0.8484438961963034
-2.512760149399162,-0.7204390547378033
-2.5483273507534245,-0.5999597598189668
-2.580002568701379,-0.467408542384805
-2.592932678285105,-0.4216979083197234
-2.611373213256787,-0.3207661782122982
-2.630223274548303,-0.15858917373011222
-2.6390218883696113,-0.07185730795187287
-2.6435338608837338,0.049646010525931206
-2.643946631474837,0.16354574257027132
-2.641834473800359,0.2431452509097795
-2.6349989009283385,0.34121810049651163
-2.6228217746240765,0.45502740418331733
-2.608107624847929,0.5525672965441355
-2.5741366749137304,0.7090277701642453
-2.5657536665783587,0.7566591851287521
-2.2204431890388467,1.498890604497538
-1.4882958143003666,2.2323674807558023
-1.4843530980486797,2.240990825575439
-1.686462072652863,2.0982634909618505
-2.3773912331242886,1.273506939385795
-2.3680444225112773,1.2991407210203334
-2.3217997864908164,1.3879015640351444
-2.271587201525505,1.4778334093751992
-2.2418318872414393,1.529701209173702
-2.193368257316893,1.6051977098770904
-2.141466587455466,1.68191850421233
-2.082597860908797,1.7604871910179016
-2.030004166510337,1.8268672869014517
-1.9760161526210356,1.8923678724235307
-1.923121796672214,1.9517178472218357
-1.8651015180479271,2.014055939485127
-1.7646775214835702,2.1078221569123436
-1.7268217990439612,2.1440838309978876
0.8998456447305856,2.607075337549607
1.1195529296799083,2.5249247984138328
1.3050502217597255,2.438770165203128
-2.7406923517482467,-0.40871314276478277
-2.7663370690896136,-0.21909865399104317
-1.285793893356813,2.4636507593013928
-2.783800779642262,0.033304943523959095
-2.77144313502481,-0.30339240155918545
-2.7879679542937557,-0.16758187799129978
2.296643392501693,1.5964454665532162
-0.9526072764794763,2.634034999159722
-0.9411021949709691,2.6434754885606226
-0.8331451486964974,2.683648479440534
-0.802022199868497,2.6972868573657673
-0.6974819253239346,2.7313513072921283
-0.6463793569342945,2.7480034073721975
-0.5866017400735083,2.7654705564411155
-0.49591395322837456,2.7882419821445565
-0.44627741807359206,2.800666432497374
-0.38242277663664304,2.815143658840437
-0.30954324629325053,2.828110319396016
-0.22204890110627964,2.840333657427855
-0.15409345074967273,2.849837049453189
-0.08577960604642566,2.856712421505973
0.014257377464677283,2.8619644874085757
0.03148371179282768,2.8668271269631425
0.09467310491481713,2.869438621613257
0.1436373752947619,2.8714096371675066
0.2501913440154676,2.869112108541549
0.27351534551500395,2.871000758580152
0.31996815826782204,2.8712264587967797
0.40651011752913274,2.864297212990728
0.4786439433980538,2.8571854989566847
0.536612674916777,2.851955616260299
0.6057322697072198,2.8421689635620435
0.6548594390854311,2.835358727752225
0.7493380710534071,2.8170405490993486
0.772909318978207,2.8148129928356953
0.8301833193431749,2.802628169466001
0.8987355830852977,2.7866572002484142
0.9306034028867035,2.7803958902529846
0.9904684253400596,2.7649486972463673
1.0524841706043622,2.746226150670634
1.1332101928616105,2.7182456950751437
1.1324107212199839,2.723994485762781
1.1801508052552687,2.7080177393908156
1.2222896431851187,2.693654029039809
1.3180238484355722,2.653711011951958
1.3304217455421035,2.651993020162139
1.4399436013175837,2.5987311182622466
1.4423669328580038,2.6031046139173495
1.4702989830849114,2.5920302660924843
1.5269611528248714,2.5648810182469943
1.559716321583867,2.5497854804247533
1.5973941426669749,2.5310829605078613
1.670414950112308,2.4895216195970855
1.7319844509609819,2.4519856976804304
1.721994333420328,2.4638935682509255
1.7616830421827077,2.441842308357745
1.793236693804815,2.4237423872994377
1.8770786882527413,2.364516144607046
1.877818091919169,2.3703112060784446
1.894508726736317,2.3621220722731366
1.9469014514889145,2.325653400270633
1.988773726976267,2.295244662969272
2.0233726629062545,2.270163885494537
2.058334381615167,2.2453007757226886
2.0700138663989076,2.2399871858821525
2.12376315006981,2.1946630908651006
2.164301345376728,2.1617772055418865
2.192950015115036,2.1384431793262504
2.1979539463294624,2.139038907971228
2.2270883647031594,2.1159540202480316
2.276056425761554,2.0691406783371544
2.3308509447251518,2.014868450662193
2.315625406293765,2.0384072158739124
3.055063343023932,0.48930968732637636
3.0618975787147247,0.47157949219713236
-1.3205894755745524,-2.8068572170671113
-1.2491833483019417,-2.8448180894962602
2.076463531911676,2.358063442878687
2.118942779976614,2.3253811505181203
2.0220044748401187,2.4153670329220223
-2.392556176367264,-2.056623432455941
-2.29185225806861,-2.1740961862773713
0.3831493245734061,-3.144744917330966
0.3741852401301241,-3.1498522832140496
2.8416790406082497,-1.4669915576334367
2.8357672990548712,-1.4891718589911103
1.8301889255444181,2.6493033984076964
1.9060071140684498,2.600252464881143
1.9862209461547058,2.5458529716101648
2.3944006098635704,2.1723569502926914
2.4559668286230107,2.1101826785146893
3.0525893309554646,1.1413936115717789
3.049195802242713,1.1645174792957886
2.205940825373651,2.41115098551497
2.2110538728315254,2.4118923631531963
2.2408694731571033,2.3910736091288802
2.2674320864992774,2.371436849910521
2.303914565264264,2.3430266059016867
2.330062148360534,2.322694638728366
3.1739444791682403,0.8811994343833012
3.1752066768116856,0.8952449717984959
3.121752881163786,1.0791051612079354
3.149554004778449,1.008245293063169
3.148200595805594,1.0286773102238158
3.148898832048641,1.0393710336173037
3.170916774219504,0.9837107354163492
3.1786335329337985,0.9756607316628046
3.1765391973239425,0.9959115060408559
3.1793090325102407,1.0037679392164298
3.1861240285602115,0.9954183415184034
3.2016714061799916,0.9582610327303501
3.2232155981534834,0.9018260407750935
3.2279689535327183,0.8996762945798276
3.2318220946291465,0.9007502143584963
3.2330042670920234,0.9150319169104256
3.2340901562684414,0.9258276627577977
3.2497118153305116,0.8847582253368832
3.254536209355646,0.8860717025122646
3.2583957245757533,0.8871224842525697
3.257830797030037,0.9079991728645112
3.2652941273635516,0.8960191191068987
3.2682528212586637,0.900346320220606
3.294589979607839,0.8195741981465855
3.2909533302823943,0.8501924358068695
3.2852639104826875,0.8873838168909784
3.296231077608616,0.8656354215298387
3.297485092612315,0.8765478104470688
3.307412937994898,0.8544446486367361
3.3131080381168023,0.8523826181743931
3.326983371158947,0.813514995578967
3.3260557797490087,0.8380053400773845
3.316085190514019,0.8921518980832818
3.326118788932184,0.8699297683792073
3.341170338671514,0.8311616978552854
3.3241195679333027,0.9121612237334554
3.3413003656382885,0.8631992044629322
3.3537858525845925,0.8342999790263916
3.3517384751754027,0.8587486209764
3.3705442320990975,0.7992043414944041
3.3507829494940267,0.8978945513700987
3.3634680550656695,0.8653390333001073
3.3817439957568243,0.812583255526885
3.3739126293018584,0.860835390674327
3.369001475042946,0.8955585191144437
3.386906254802876,0.8461365263225299
3.38564334414394,0.8674353844833868
3.379760605442375,0.9056595662277243
3.3854954760563456,0.903568692243162
3.3956093073642974,0.8808526731190391
3.389575255141565,0.919197252896241
3.392553160849099,0.9272928614050615
3.3879190548901827,0.9588771962623835
3.390802811265417,0.9670223860462311
3.4106161616663524,0.9102732544572951
3.4089516265114344,0.9317750845053988
3.4042732389951995,0.9671839092236468
3.4213424082676673,0.9204700567586102
3.4129363498141094,0.9659578003813334
3.3987525193690864,1.032078152119445
3.4117411779022726,1.0025757502583104
3.415578907011274,1.0037035070077573
3.414283858779337,1.025617244238258
3.4221944685034815,1.0130873702421592
3.402750806395164,1.0930521257364907
3.407651717295824,1.0908683575990379
3.4125516596018994,1.0886758794739235
3.4216485640437444,1.0765175819174455
3.4167329076898105,1.1050869818749713
3.4149644690328067,1.1234067274337836
3.4297001604039195,1.0941466125366066
3.409752958724216,1.1672192426752808
3.4016817403933963,1.2025910930462416
3.422921057717699,1.1564516559859936
3.4137685099634907,1.1953549934566097
3.4184875706629145,1.197007405667636
3.402652327608611,1.2529298214264437
3.4101535444632955,1.2440871364918227
3.407314498843279,1.266267312210329
3.3956067935174317,1.3085012433384486
3.3847245525198058,1.347252279110931
3.3853075204967236,1.359263400400498
3.4024573423521174,1.3267961537003972
3.3733281618641633,1.4096074320086953
3.390508415530028,1.38107700155352
3.3802175386300717,1.4164583973903577
-3.34658723101678,1.5064042967262938
-3.377481500798081,1.4357989802777902
-3.3848438582930087,1.4389287873192675
1.4443982126283577,3.3922975699894025
1.439170386845714,3.398862986003754
1.3142340624628501,3.4544471090266233
3.319283109969964,1.6437687294349312
3.3003949859856645,1.692357508471743
0.5839324227070242,3.675908993121498
0.4923904003449228,3.6933220403382325
0.3410498704143276,3.7153796556866663
0.21105528836093196,3.729032135186674
3.2357934343945542,1.8734358408894323
3.2457337527594423,1.8662123154127208
3.207317922455309,1.9392307094043673
3.1752792422198075,1.9987760589740924
3.1203972626352847,2.1156608715335787
3.1023731417987443,2.1490362698302206
3.0694542017628055,2.2043801630573294
3.0924388703273746,2.1789701313437844
3.060413558654823,2.2305241200224044
3.026044293213042,2.285239579456119
3.0038894117155754,2.3208326958622094
2.9977375878547763,2.3352878525703478
2.9923045485374407,2.350348588784682
2.957423290281189,2.4004433928135835
2.932249790046115,2.4389561637664823
2.9206232067371602,2.459081959648427
2.8789019730312186,2.513882938737792
2.8497023058352884,2.5544325726307675
2.8577893254681643,2.5513920065799796
2.8143392254201576,2.6051333409753648
2.7626120583180316,2.6671285336923316
2.6346679484519915,2.8169085539647494
2.646533181906368,2.812633306541853
2.54039671962148,2.914162059140916
2.5019368099105472,2.952492540077728
2.52873932618817,2.936171388081663
2.5254661744226836,2.9442590921735907
2.447581691336034,3.0144705777692766
2.414337546753217,3.0475429792437145
2.3800401629138355,3.0794598264820867
2.3078242326804967,3.138911166479975
2.272905275471127,3.170442021033584
2.2465808656483572,3.194041235504432
2.172061823286199,3.251191694720973
2.128509045353769,3.28463776447985
2.054503573840554,3.336126356281547
0.6315037439388502,3.9640129946042326
0.5527901938201042,3.9808019294629986
0.4695444718019896,3.995504597544619
0.35384512191857886,4.011424015196402
0.29400079558134595,4.021266906361419
0.21776407739085438,4.030120941931905
0.05648396091017566,4.03960512453382
0.06868740801694895,4.044416773773434
-0.5076250242500183,4.039227380917688
-0.5929126377701002,4.031634854990281
-1.0810206674330514,3.9518101316463325
-1.208376486613864,3.9199783502716867
-1.2838842283951957,3.9001124712087565
-1.4093808963568255,3.860795965728367
-1.5340477122905274,3.8183664853463455
-1.6116682579725825,3.7906050211336475
-1.7113284467578653,3.7510643752563504
-1.8548458243273027,3.6878084234373634
-1.8824371301258584,3.678295046774187
-1.9974733679238095,3.6216841585697552
-2.12910237300521,3.5517325469781063
-2.1877663839947457,3.5206112039051614
-2.281301094754752,3.4667225610179377
-2.444011246047249,3.358947011965889
-2.523040971481831,3.3050307496639153
-2.6177248100189994,3.2369871515053927
-2.7130879601055544,3.162758719967471
-2.7970758534106626,3.0941247017964573
-2.8860591736521686,3.018217759900396
-3.0073249757351164,2.9031700760237555
-3.1072462740594773,2.80194157546932
-3.1609480535100474,2.7488412837068354
-3.247728009620363,2.65207687964119
-3.3272247543435594,2.5598397282024212
-3.427766149480473,2.4304779827177634
-3.53471673001103,2.279520484351947
-3.572752773559174,2.228891791681514
-3.6687446951351634,2.075219834600083
-3.721016508092979,1.9884660285002451
-3.8002159129782767,1.8440539619942484
-3.872890129595944,1.6960855061223499
-3.9288863560068497,1.5727924216447702
-4.019534411708883,1.339967205974879
-4.05186023253843,1.2524015554021073
-4.104622717000016,1.086548825910465
-4.131419979595333,0.996929762922391
-4.182363943876823,0.777398122559539
-4.215054540847808,0.6102427530731348
-4.238264264951998,0.458568446833076
-4.257202768278077,0.2889871792406758
-4.26984316585688,0.1357326010407848
-4.275917230222091,-0.02660526808430547
-4.276364105954241,-0.17638036542140687
-4.2683354605467185,-0.3775412510434245
-4.24868262898155,-0.5867000240245599
-4.227498979581518,-0.7527870732399833
-4.187523992609968,-0.968218369643888
-4.143582420010008,-1.1566886913011631
-4.094783618431865,-1.335288777089825
-3.6618026619235637,-2.3071162227182023
-3.570733963331225,-2.4545362012227243
-3.2522235154341232,-2.8768048605453425
-3.125413885022026,-3.019851659818993
-1.8288131031758355,-3.971124102021035
-1.6417200844081645,-4.0563692095827335
-1.3138053128170635,-4.179363181157347
-1.2352918893790985,-4.207407627985933
-0.43243430539325456,-4.372669273054967
-0.2135457181056915,-4.392812564437358
1.4331729821082064,-4.424682610465418
1.4745200070985898,-4.4163476707190945
1.4978689464008903,-4.412707629042274
1.4283018722951573,-4.439915512889648
1.3182809633233772,-4.479028499768581
1.1707842789603908,-4.523957689030612
1.0582363221273314,-4.555706848177395
0.9358609022579609,-4.587514400154502
0.8308190417502115,-4.611760587873709
0.734578964915091,-4.633127965457492
0.6097514605652318,-4.6552366380602574
0.4655655859381921,-4.675879562733628
0.40985850643171656,-4.68611054123839
0.2599395798252623,-4.700818589867117
0.12834091585073634,-4.710251862620362
0.02943580054094738,-4.716908154039732
-0.04607431535028374,-4.720775164892415
-0.32025768193955806,-4.719145581263488
-0.3583029442792352,-4.720421061740238
-0.49083488623330723,-4.713512714998903
-0.8075118515704977,-4.6828867816308755
-0.7988163080067356,-4.688435613940165
-0.9631982390081452,-4.661528628290467
-1.0108252659520094,-4.656549933342608
-1.030307500109985,-4.656374926401129
-1.13807593851811,-4.635333014807687
-1.2133621703582913,-4.621367356480484
-1.3020329735971046,-4.60132960519738
-1.381506647472725,-4.583318490241396
-1.3826610294635107,-4.587148294703684
-1.4388061929381033,-4.574042166307932
-1.5724678355488315,-4.5351234719866635
-1.6836489137557904,-4.503575283617334
-1.6808906959189656,-4.509941847560016
-1.7632571639203085,-4.482679240575185
-1.8228938206882386,-4.463081796079547
-1.953562576417632,-4.4129207176223435
-1.8842692782276325,-4.447294603141051
-2.0057190357967563,-4.399354060477802
-1.9765084846051424,-4.416937311110934
-2.0661525595219317,-4.38014413013784
-2.08580776450013,-4.376358071450618
-2.170366343088869,-4.339517707854993
-2.1851750895240567,-4.336559215336917
-2.222082891181569,-4.323386245146061
-2.2799721576440293,-4.297668200357961
-2.3290209640111543,-4.275841712364543
-2.2884944648268744,-4.303332323264931
-2.384561705971961,-4.255437635591913
-2.433718343332277,-4.23328525206228
-2.435711968843915,-4.236753026178243
-2.4799852113945584,-4.215632141359619
-2.495169099981208,-4.212475182419354
-2.4803240371744333,-4.22587182373232
-2.5161035679720194,-4.209327598944809
-2.5606784850363367,-4.188222379037676
-2.6295002751519574,-4.150096059487754
-2.6399428072188162,-4.148203342968331
1.2855088305006237,-4.751163125667747
1.3150603516218071,-4.747219425262785
1.2316481490017381,-4.778835405939462
1.2135057999158485,-4.787601139774552
1.1330910788091382,-4.812404867332251
1.1821133005210926,-4.804717696673878
1.2118990726159842,-4.801416940632475
1.116761212500322,-4.82956451393444
1.0934811929777197,-4.8389895516113715
1.0458800325935584,-4.853592479537409
1.0566481456252506,-4.856376704534639
1.0817866729937309,-4.85493703297305
1.1168660276689775,-4.85211822570709
1.1565752367127884,-4.846918889544445
2.607663227854904,-4.250913018410674
2.635761600713125,-4.239436847531307
0.4557613092135189,4.975168100579515
0.5158417525639425,4.973319543957714
0.49145977925682593,4.980812412184666
4.446293162867024,-2.3066335014132533
4.465893981992052,-2.2772702829500004
4.45196910571714,-2.3152311076305376
4.48300136435306,-2.2634448893685484
4.471495025076237,-2.297054905899827
4.495561434370605,-2.2585146423700024
4.476308041525256,-2.305187913679996
4.483058469541324,-2.3029951712224244
4.502640159656877,-2.2733604185533567
4.513016051266396,-2.2616343915433963
4.499230792560086,-2.299941580840508
4.543492474180641,-2.2203434727680937
4.544861925663168,-2.2266457007474894
4.549352008577279,-2.228845508790117
4.5772047886573555,-2.1803890301256277
4.611824348490402,-2.118183461995461
4.5831434524145545,-2.1888437803072183
4.670683364754776,-2.0053942021964164
-0.8549473996472011,5.015656382153435
-0.9358201766052754,5.005267684855474
-0.9815995634836587,5.0005677974574745
-3.5098712649700907,3.701486823336976
-3.5347865414056256,3.683247087380598
-3.5888137101358315,3.6362476749997503
-3.6892794649305616,3.5414986982408543
-3.7344294675555307,3.4997086381373124
-3.895210655685201,3.327531058883819
-3.881552702446261,3.349578722486177
-3.937716593173934,3.289612292025106
-3.8239147217338236,3.4287274900329034
-3.8440019301085564,3.4122205616462846
-3.999952872791085,3.2343643912599496
-3.8948425773106288,3.3678483187293784
-3.798499572022341,3.48206978697241
-3.8188244183977047,3.465722011565473
-3.9114210170127985,3.3685352347378767
-3.9245477578286714,3.3593869822516655
-3.884301188610971,3.413421344656326
-3.856404293691132,3.4509087098329045
2.5408407703843507,-4.518626359808107
2.6327289820838677,-4.470355926198231
-4.56337721784595,2.48684486199774
-4.671939560778412,2.2854718857237364
-4.674263957017162,2.3214688152396663
-4.781833186535793,2.100904656605088
-4.777047005883114,2.1216387306945492
3.5186956858842264,-3.8828315273959197
3.6028879039094432,-3.8117218880530905
-4.7242453778988915,2.2876858633564523
-4.72555369594896,2.2941558941587044
-3.0352382119421613,4.2983686436561195
-3.1320334573975934,4.234578541217777
4.036382579893539,-3.389846112839339
4.155682168274209,-3.248989183775127
4.220656003967809,-3.1724537658050256
4.270999367292661,-3.111144548969991
4.341689668904863,-3.0187207255598834
4.4141355841157255,-2.920831396202684
4.539040024467252,-2.730444040130528
4.556073347164149,-2.7097595198209885
4.662656484275637,-2.532443584690952
4.706122146969038,-2.4593727529204514
4.784590406877632,-2.314502028172484
4.842396811565056,-2.200671288344668
4.889112808972612,-2.104971482262868
4.974046284488467,-1.9095673750267323
5.075305629779426,-1.63447140211423
5.0839972901938815,-1.6204528852457487
5.127716059446522,-1.494258683660308
5.214350668537982,-1.1745518743408054
5.22521151002504,-1.1441003782456536
-5.05812383470035,1.7673560119105096
-5.1263950852080775,1.5753864384189897
-5.206533550588804,1.3025733709058924
-5.245543267325896,1.1353258697889173
-5.245543267325896,1.1353258697889173
-5.25824907363766,1.1380758672376328
5.313119365183232,0.8707574928273294
5.293597972319872,1.009525387224582
5.24421168648449,1.2580511862954962
5.192087023389448,1.4730381330946294
5.172642556502297,1.5573609031503834
5.113526478592975,1.7540475913522182
4.8958944367693364,2.3135346688586838
4.94038941528005,2.226682156345814
0.7120348993896984,5.47388402343812
0.44338833855029325,5.506176784415627
0.09039120028816039,5.527260933854169
-0.16954746483824232,5.530401672317024
-0.40189686828141374,5.522395124152706
-0.6998807109541917,5.496621506928984
-0.9144868759413337,5.470084985969693
-1.5425606362751973,5.331323164413714
-1.5425606362751973,5.331323164413714
-1.5425606362751973,5.331323164413714
-1.5425606362751973,5.331323164413714
-1.5425606362751973,5.331323164413714
-1.5425606362751973,5.331323164413714
-1.551176740730068,5.361101726232962
-5.458960690038719,-1.179819132160515
-5.41569959236844,-1.3647061680890558
-5.41569959236844,-1.3647061680890558
-5.428305518008688,-1.3678827446665236
3.03193789748331,4.705842813546207
3.036812395710775,4.713408477233581
3.202170936445841,4.60753972243122
3.202170936445841,4.60753972243122
3.202170936445841,4.60753972243122
3.2124434505887787,4.622320637598527
-4.601994440331405,3.2864376110248683
-4.726867908970072,3.111430663079108
-4.845939275048459,2.9321951747015094
0.4673408901971792,5.731979892877304
0.5536496024531409,5.728306653602221
4.736159845530842,3.292205023624937
4.646157737110272,3.426477386747263
2.6402618257915735,5.167574526919544
2.614391057610583,5.180711186496099
2.618445774053543,5.18874606512413
2.895054366594834,5.050019922184483
2.895054366594834,5.050019922184483
2.895054366594834,5.050019922184483
2.903509258234091,5.064768305396498
-0.315094436962089,-5.855528284945394
-0.420795700807495,-5.853895453301325
-0.5264505184670538,-5.849357131480841
-0.42136928499670273,-5.861874864380965
-0.16914061759627888,-5.879567624534915
5.791358403197182,1.212871322819279
5.823801659141894,1.0684452419174912
5.904384332852112,0.4938326133119567
5.891882663509902,0.6712813712829079
-5.655372521864912,-1.8555499559255504
-5.634557301385171,-1.9302072472682983
-5.6554963692081115,-1.88068094526261
-5.673277941087843,-1.842591219767988
5.778040455394854,1.4977347882119967
5.8282139153077654,1.3071539914688408
5.869709579435742,1.1326930091954674
5.903067283726313,0.968566282605409
5.935776681163871,0.7737901468429428
5.971536509386919,0.4825274262247593
5.990978668255008,0.21954406508364022
5.999721826946018,0.05777542096366837
6.003878165060659,-0.03824890989098342
5.998792374412786,-0.33249668973842833
5.993104413025295,-0.4887417463003721
6.00594437470762,0.36458355409686793
5.989318855528524,0.6168473448191902
5.976987045668121,0.767008380603151
5.98095451134729,0.7675175132819451
6.03135156797474,0.17875755505334145
6.038788433370974,-0.05054954979944682
5.720937366170878,-1.961932631960084
5.6611201576154775,-2.1397248797543362
5.779452636192656,-1.8091609176648058
5.719330955043567,-2.006233891319863
5.737018043291398,-1.9674473235512417
5.744727737597093,-1.9572593647451508
5.666527645912188,-2.187222082485654
5.592582025551122,-2.380149215381783
5.4755384548148855,-2.647489873416594
5.403710884223534,-2.802048836070513
5.504676586040932,-2.607454061549839
-2.0504123786532364,-5.7493151833471074
-2.189584303746996,-5.703122090292719
-2.0476767768289865,-5.759842777162868
-2.699042197419157,-5.494911756939393
-2.700805700978399,-5.498502029240563
-2.6418839059725654,-5.531487090047589
4.170284200726098,-4.499661618963619
4.127769360600146,-4.544099592404491
3.6860294013457913,-4.915477927161752
3.5893244947720486,-4.991458070667265
3.6165883025170857,-4.976684945834585
3.3350786216649047,-5.175509596871956
3.2014818862684393,-5.263880197334953
3.1029095720266313,-5.3272110140133835
2.916958737394807,-5.436934037151461
2.8314325650438423,-5.486462032094021
2.711810743223828,-5.5510149065676115
2.5686612720435864,-5.624186009504257
2.502605695142732,-5.658262430697181
2.396588700334532,-5.7093980944955
2.2776421193942022,-5.762183820042665
-0.8134089063303965,-6.146410818608075
-1.0594028109010845,-6.113893250969867
-1.2309472036821696,-6.085757962796996
-1.23174021202727,-6.089678567057133
-1.1167189309904781,-6.1168997726926575
-1.148027387426042,-6.115171062016151
5.324465552675577,-3.2365765213217443
5.228341179578602,-3.3970094951181156
5.266269060359141,-3.347239188331789
5.345280174071822,-3.227307834817545
5.208973591404497,-3.4665030108238084
5.069422551034176,-3.674381036183666
5.017742546904779,-3.7530008970131545
4.9293788708634905,-3.8748063109637596
4.8500191693246055,-3.979998750902299
4.8816473890014676,-3.949096069919692
