X,Y
0.0,0.0
0.0012332770440352115,-0.003805131762850765
0.002577241219635545,-0.008623098497397062
0.0032090172937259743,-0.01259770645826325
0.0036505816726743958,-0.01660341089809964
0.00399114245758435,-0.021634943537787832
0.00430712132489281,-0.025640762584070186
0.004522994030940592,-0.030668265764403367
0.0038570500621883117,-0.03478682458658412
0.0032109640204480063,-0.03886759202805582
0.0024814141116225527,-0.0439299736399493
0.0015081859270895176,-0.04797630014089591
0.001166039304950687,-0.05198692482095195
-0.001172651656247776,-0.05698793633825583
-0.0029618664857769855,-0.060928050575415844
-0.00432413284860402,-0.06485600878182085
-0.0057038692775211826,-0.06976722636929858
-0.008386440494717469,-0.07352324541142456
-0.011068829066422186,-0.0782207199091029
-0.013679959708466688,-0.08186488076321084
-0.01750367293454612,-0.08522101521221416
-0.018869957209885924,-0.09004401543077181
-0.022872999793750903,-0.0932353252819717
-0.025763549521495368,-0.09662421806179576
-0.029176169726235043,-0.10086501435138909
-0.03424370495739604,-0.10348124791860026
-0.03646441241578925,-0.10695488126855751
-0.04041474910250259,-0.11086319522267868
-0.044409745795785674,-0.11362998934415904
-0.04870346755132141,-0.11729011999515296
-0.05276684158783034,-0.11990271234982477
-0.05732763078303586,-0.12222333144209384
-0.06360050318380725,-0.1247195894587796
-0.0652893447238827,-0.12834835980847595
0.1395988190565102,-0.04915454931161231
0.07286183638058515,0.13453680834347467
0.03661012940572386,0.15267186520409107
0.008103286858707258,0.1607959475300466
-0.09132911871517727,-0.13861815203900626
-0.05212666324109883,0.16181103478857392
-0.10347437563739648,0.14113133453082263
-0.11053441464177696,0.13567292721762775
-0.1155874164539725,0.1418751181761479
0.18566043429173576,-0.029566926431471886
-0.12185558213565491,-0.1483752577163075
-0.1259026592815523,-0.15021491399269699
-0.13141055396578938,-0.15209295284925056
-0.13694859502177686,-0.15254534513239448
-0.14407155752000503,-0.15140801271319784
-0.14596059334664033,-0.1564976203969143
-0.15324892294298842,-0.155044405306396
-0.1567638064967267,-0.1586004696482858
-0.16070191176928897,-0.16032434485659272
-0.16961379332326257,-0.15681887996824098
-0.1747199691387116,-0.15864719469365873
-0.17864613726668666,-0.16026714460453878
-0.18595617373704526,-0.15797563561852768
-0.19247981672957182,-0.15796366718885216
-0.19684959990508977,-0.15893154192043213
-0.2022023968798797,-0.15862909788570198
-0.20869724464637812,-0.15839652798281223
-0.21379793792838864,-0.15826067653579928
-0.22021063406655225,-0.1579502347070337
-0.22330058222153942,-0.1605049842824874
-0.22960146619278307,-0.1585060463267074
-0.2349994684146221,-0.15947178385170532
-0.24070818780104464,-0.15812516664192647
-0.24564234138492125,-0.15787286061554023
-0.2517574246919348,-0.15756649108387477
-0.257670347385289,-0.15558596362893573
-0.26062040317956064,-0.15843612418423794
-0.26975683502387615,-0.15274570356609468
-0.2747710469871806,-0.1519765499594217
-0.27991487238477397,-0.1529989026686653
-0.2843491738382447,-0.15321405724510956
-0.2892548513172358,-0.15251436322341527
-0.29611755491317443,-0.15012792435867192
-0.29922807831523845,-0.15283506517736545
-0.3053755655752658,-0.14948499573397503
-0.3107708995043019,-0.14982138706235187
-0.3174872168934403,-0.1449236595910329
-0.3206848404298649,-0.14754739278778212
-0.3271448674163181,-0.14539682157172362
-0.3312396921717693,-0.14602830660509458
-0.14292273985947726,0.3380267599333819
-0.14242762670228376,0.34257170220547245
-0.14430942769567412,0.34612106130391285
-0.14307104951450766,0.35203788828877114
-0.34412200294367656,0.17039966869108714
-0.37527875420080964,0.09853860484849741
-0.3414860015428287,0.19451557971096087
-0.3828513981095524,0.10504192955939574
-0.38450963946979005,0.11381272843936269
-0.37811559357637914,0.14786682486069172
-0.3822871223284064,0.1481774480204934
-0.35384583161705446,0.21683663769583572
-0.3814174611423788,0.1734408266115621
-0.3917526679877673,0.15955828754554277
-0.3737897030020959,0.2084832317708188
-0.41050542306416105,0.1345707904224173
-0.38616899210931627,0.2024092624690748
-0.41504738035094,0.149052581540281
-0.42159390333272695,0.14242043628874076
-0.402967739669687,0.19803535236291356
-0.4314107918313174,0.14142393252726262
-0.444124677578811,0.11188060942592837
0.04483214168807327,0.46082434730780075
0.0674694777366714,0.46210049726649377
0.07363504356422394,0.46520842679308255
0.07770591046149249,0.4696145137017706
0.07551614277295668,0.47402248067016234
0.08521263442317743,0.4764397201479552
0.08897953294475186,0.480836399118176
0.09067674106632592,0.48458923701377277
0.1026232697455068,0.4862894863214101
0.1309850101781889,0.4846100773906995
0.12958471769819374,0.48912554721572193
0.13333334701405283,0.4932983058698156
0.13537110233904104,0.4968899925048933
0.13391708686957604,0.501425182698642
0.09946713281581147,0.5144728267745555
0.10437037324297287,0.5175817087080286
0.10255224033160147,0.5220220665862406
0.10614941369597809,0.52640412419737
0.10694009834175819,0.5303251977481884
0.10452338544429943,0.5348830357145966
0.09953836129817141,0.5409178446215975
0.09699138079663583,0.5454435553301203
0.07744086383386029,0.5536098920798521
-0.4660019654778563,0.31592905559757367
-0.49070176363971063,0.28407882561162057
-0.5017637322415305,0.2746218436451289
-0.45120287577594753,0.35803905498075883
-0.5098911844366063,0.2764253606922395
-0.5156744054051571,0.2762334295664405
-0.4965847098272998,0.31674062885227783
-0.5053057569371328,0.3103467286861443
-0.4959763716180938,0.3340829819020275
-0.5516792184440487,0.24094405976691688
-0.5520510235075072,0.25236613767364596
-0.5515535014476469,0.2628873048301127
-0.5527603994688672,0.26959402956856865
-0.5365698297294896,0.31063293100388845
-0.5356611930809309,0.320067315149663
-0.5348619363735632,0.3290998465796094
-0.540442955058424,0.32956093871652675
-0.5484476361384388,0.32399720741722227
-0.5466046516635743,0.33481988408656777
-0.5512054945872888,0.3368805466879652
-0.5470276580965437,0.35108509122064807
-0.5535508589551172,0.34827782954137626
-0.5574316798241807,0.3514981114151142
-0.5593961708711137,0.3558720613011588
-0.5625366426201793,0.36024509116657877
-0.570213103427741,0.3555854562257916
-0.5736072290433823,0.35770203632237363
-0.5849407947127919,0.348719467022946
-0.5786925415884874,0.366524136053626
-0.5768535926862985,0.37677703301144816
-0.5914369323274472,0.3630955178449585
-0.6577578063077087,-0.23357797036807776
-0.6601057938640211,-0.23888143692457636
-0.6616237374091911,-0.24920479549297112
-0.6683264103937081,-0.24261246705447942
-0.6700461046463662,-0.2523771337665733
-0.6719963762765293,-0.2584973312651666
-0.6738936150349157,-0.26465712840422917
-0.6747504135655107,-0.2759581116640212
-0.6747883812402488,-0.28626847633500385
-0.6776041751545807,-0.2898647646974021
-0.6830736410371959,-0.28978336895030404
-0.683808234334827,-0.2981984216187039
-0.6816548741975663,-0.31280446365533215
-0.6852514840680504,-0.31694700437539164
-0.6885629849251744,-0.31931491633015524
-0.685860614495119,-0.3365876074432594
0.7270567964690404,0.24741142800642077
0.7347290353285673,0.23697519837559577
0.737065608629402,0.24589283961874367
0.7380965137556671,0.25529304021404575
0.7473420075796937,0.24021849160036166
0.748391445646914,0.25300245864916454
0.7511576207615394,0.2572901645455255
0.7616476133979395,0.2381111358278377
0.767372119886692,0.2365354722247906
0.7709565467243641,0.23848480677570102
0.7712884736790069,0.25388597907310295
0.775342673350731,0.25436143355733287
0.7778555972665503,0.2595008088640538
0.7828593109891809,0.2603004018389999
0.782369481933438,0.27411492797584663
0.7909747418074754,0.26124310100478737
0.7933249940638748,0.26996194878825597
0.8075600266355121,0.23835016966734254
0.8011706410169497,0.2717381165248813
-0.6567515761205113,-0.5411823789289746
-0.6587497688451188,-0.5450447156394626
-0.6526271228950385,-0.5600694943145398
-0.6413923175294163,-0.5788884996389585
-0.6343824294177948,-0.5924381260907984
-0.642191995703511,-0.5913699693544995
-0.6276373033899703,-0.6125360523213033
-0.6280336025228832,-0.6178469018309708
-0.6120355956348037,-0.6406312743505043
-0.615441952029688,-0.642908394471473
-0.593227277353703,-0.6688179104984501
-0.5978890263088097,-0.6713640683113028
-0.5930952199167412,-0.6809163385555618
-0.5713494393472074,-0.7057080261394452
-0.5752828822964318,-0.7076677224069994
-0.553310536904877,-0.730002362838667
-0.5511792931948005,-0.7378633930161328
-0.5371369824880295,-0.7530663065385772
-0.5349121171314187,-0.7595459347175676
-0.5146435154319688,-0.7794216137776941
-0.5050484581031423,-0.7904239716554898
-0.4863944225122478,-0.8067121331360877
-0.4841013972680964,-0.8139132860219672
-0.4589138010145994,-0.8329460506169247
-0.44448894384386,-0.846383824751259
-0.4335501173116739,-0.856524544761581
-0.4232729976732856,-0.8661039022199766
-0.40797254411992817,-0.8789308296130665
-0.4025831354617152,-0.8858080034871068
-0.3647237601451958,-0.9063694493889066
-0.36111769587600195,-0.9131911134725345
-0.31910929345459177,-0.9329336840477523
-0.3288212300473436,-0.9337968722747747
-0.3012339155619189,-0.9483053981261705
-0.2881296521064292,-0.956547073372256
-0.24408587625127412,-0.9738778593923613
-0.23134615186221708,-0.98109273670665
-0.2008259951551581,-0.9877919414886621
-0.20261908439761483,-0.9966115123948108
0.9733995154337781,-0.30811423750499695
-0.12939249726043756,-1.0168001680038745
-0.13615186398432205,-1.0209616397953425
-0.8706399701883649,0.5503508356588578
-0.8774022223840027,0.5546254052562082
-0.9679363894786732,0.3885204575347226
-0.021539759370024936,-1.0467784095816466
0.004655834283429427,-1.05198969729134
0.033180090395969385,-1.05547860309971
0.066128285660591,-1.0579352767705552
0.08556107504098204,-1.0615574889933335
0.11142831271942995,-1.0631767167900643
0.1554923588687897,-1.061673738176385
0.17964289246750276,-1.0629263526632076
0.19522749885872565,-1.0642416190364696
0.23956750067377516,-1.0592466250222
0.26296236594410294,-1.058835111855042
0.3177584032887583,-1.0478810033297574
0.3318180591157365,-1.0487596367350651
0.38418040965295674,-1.0349982670704752
0.40420636566915746,-1.031640060269342
0.42358790618122,-1.0292435502528106
0.46506152692884895,-1.0155819888963211
0.5071114716357009,-0.9997394437229501
0.5233817457732818,-0.9969691811642483
0.5579659027712534,-0.9826362762205861
0.5873291228276802,-0.9700518035025074
-0.677817898043187,-0.9153599822432242
-0.6588930370692618,-0.9339748207000251
-0.6776259691297546,-0.926675264567346
-0.6892519221550262,-0.9230578464027059
-0.6916451579958423,-0.926262908369382
-0.6852994339369731,-0.9371689740093108
-0.6886005538522315,-0.9397096770994753
-0.6786486372356632,-0.9518387611240559
-0.659387073674829,-0.971331399199339
-0.684832301807805,-0.9584825081349286
0.9569162340566407,-0.69385540352357
0.9893732548541053,-0.6558273877930028
1.0200765580250906,-0.6147558993354062
1.0388786534883767,-0.5925766982646022
1.0658472608649348,-0.5513343962666535
1.0911750858190037,-0.5088741809994781
1.1119695110651462,-0.4745574848862253
1.135937590407157,-0.42545833015699946
1.1535352841062365,-0.387872850715211
1.177607154278879,-0.32638227615972076
1.1883792727186124,-0.3013813268482005
1.2102660971691848,-0.2194446947248193
1.222151864407637,-0.17767898110057112
1.233250972031191,-0.11921845488062058
1.2421617190968803,-0.06760372482550799
1.2478884471050198,-0.016686029540370923
1.2515561144953242,0.033336050596416825
1.253116249875211,0.09873532447248652
1.2513755640188475,0.15549983207872264
1.2450956525204964,0.22352139958974654
1.2369519960149753,0.2878363416154541
1.2283087250044604,0.33813263089787277
1.2156593192517238,0.3942796209753121
1.2036105520350346,0.4443091705444742
0.9278579418238759,0.8918792742262602
1.0411098892458552,0.7566103346601096
1.0483903779818402,0.7619013160213692
1.2905934607907594,-0.15610419265391534
1.2759562828229265,-0.27378926992250774
1.2317036120909222,-0.443155967986639
1.2253900067703782,-0.47158067316981106
1.2478927668291204,0.4241316334530623
1.2728169460902614,0.3572408455726481
1.2961377016372135,0.2798268364446157
1.309345720474452,0.23911249293008013
1.3243109313551058,0.16859880513625258
1.3375378863400715,0.08119361184806433
1.34399821590923,0.0021898933322803214
1.34629028955039,-0.06787087933957692
1.344160590510386,-0.15440630466004476
1.3408632340886746,-0.20864991605380534
1.3323992278945547,-0.2775487299664593
1.3199584700760332,-0.3516612535872242
1.3053762282057688,-0.41580392354483753
1.2886266082086715,-0.47677821323610775
1.2742031455352008,-0.5273019475672361
1.2504629815099606,-0.5907887370906963
1.2270407555388596,-0.6487796114603358
1.194380684971414,-0.714925715978391
1.1635762963574818,-0.7713016287776173
1.1292580363327973,-0.8292028023214795
1.0983223788331653,-0.8761923031813605
1.0691097206309894,-0.9177610828817746
1.0167282002784497,-0.9826798902788967
0.9926285724884477,-1.0126265437364095
0.9434316279232376,-1.0639646438834842
0.9099067289037958,-1.0992719157222177
0.8504786626337056,-1.1508462296956894
0.8053967647818517,-1.188878484656412
0.7605424481363927,-1.2227735622684612
0.7029430867869241,-1.2613512661976722
0.6645198877143712,-1.2876390483485967
0.6115524837708931,-1.3180335957757874
0.5625822672537842,-1.3440052799641793
0.529261986299132,-1.3628373893677475
0.4617469485954815,-1.3913826775775102
0.42939240796440603,-1.4058883881669018
-0.08487516533738754,-1.4725560112637317
-0.29756243988728404,-1.448757258607641
-0.5429605289869001,-1.3811045811097238
-0.5347169846424816,-1.3886042439568056
-0.45169949951596283,-1.421981561813313
-0.02181693610919807,-1.4968410140354946
0.03365817301405733,-1.500622579927863
0.008165657151706083,-1.504977847691879
-0.07331833432005325,-1.5082189568668514
-0.08258446284481115,-1.5117459464131644
-0.16600111987206567,-1.5088961621666417
-0.19527956140993896,-1.510428711623141
-0.24715881947968657,-1.506864797502884
-0.311226325528973,-1.500054057125187
-0.33456253691635607,-1.4991210454436599
-1.5357895849165395,0.11379960835557924
-1.5401858120193892,0.12187150796709666
-1.5384165992073195,0.18076329075170486
-1.5262241133035161,0.2871392623290924
-0.613271569216077,-1.4322227418915154
-1.5599719830915986,0.07957017009699896
-1.552995554975514,0.20139713559605532
-1.012844091349391,1.2009112567623914
-0.7751587882206851,-1.371041156582923
-0.7844868292326758,-1.371488393957624
-0.8421695225442766,-1.3415686696168576
-0.8789757857221159,-1.322552671206024
-0.9237396225378182,-1.2978266871018214
-0.9582934906320915,-1.2775298766808396
-1.0049217481732773,-1.2463279183458758
-1.037772265556024,-1.2256690927174094
-1.0803310414265916,-1.1937272891787873
-1.0901757148369335,-1.1901734792792946
-1.133504387504778,-1.1559968873260074
-1.1750415814598982,-1.1195562879284906
-1.1853783250198153,-1.1159131805715068
-1.2267079797939073,-1.0763881884849678
-1.265683739909847,-1.0366005356586607
-1.3011696607896381,-0.9999192536603033
-1.3142994937634056,-0.9892632817876419
-1.3485488443005773,-0.9490084375470944
-1.372327724497968,-0.9232727747389877
-1.3992420262006797,-0.8894300152984584
-1.4218914265842377,-0.86050495118055
-1.4278924122299084,-0.8602396521297153
-1.4573581121949453,-0.8175257383224002
-1.4856565934199188,-0.7757580076466641
-1.4969038187045824,-0.7626788036569775
-1.5263007847343892,-0.7115208461592586
-1.5399801765153858,-0.6936728738675323
-1.5701977317867037,-0.6330308705678505
-1.5726353905790553,-0.637673057528905
-1.5897437073288345,-0.6078806996511509
-1.607071307367558,-0.5725013650952527
-1.6252131746112195,-0.531772636631598
-1.646194357261807,-0.48090449999910184
-1.6495510265489177,-0.4836759357373613
-1.659584738512568,-0.4668559688985156
-1.6771398572221086,-0.41615609969938633
-1.6894103377476761,-0.38172858251810654
-1.7026435959389947,-0.3437641418297284
-1.7124896922515551,-0.3137834506983676
-1.7218069088529098,-0.2835594622409704
-1.7275857972590765,-0.27919046027527694
-1.7386900249085548,-0.23124229129527624
-1.7433425764183026,-0.22654063928398158
-1.7545025029139343,-0.1728871518324584
-1.7620031999990007,-0.13279202985601704
-1.769298852903267,-0.09780372751170403
-1.7730931600452875,-0.10157089051798653
-1.779240058536875,-0.052007827273380394
-1.7849240969761824,-0.01646110669910667
-1.788990713723363,-0.005764218209995169
-1.7929971660347046,0.0031878819799378705
-1.7965053121024095,0.07329845556234083
-1.8004276251181763,0.07526198716034334
-1.5187380018686591,0.9772772798341285
-1.4938868289594498,1.023730014340441
-1.8118181008273604,-0.10742518100676679
-1.817795688783155,-0.08954794158089616
-1.8175346861590185,-0.15343944932395318
-1.8128633763255564,0.23475599838450256
1.5866492780185482,0.9178415269332828
-1.832726732253386,-0.12522669397466663
-1.8399841340084253,-0.06115052409640251
-1.8451570221278026,-0.05578139199105846
-1.8387736419765766,-0.20349814144654185
1.664106223404805,-0.8173533368289371
1.6908846734872651,-0.7725218579210976
1.8282111961203245,-0.35834734878368035
1.7848135311233888,-0.5512392031766793
1.8522347544428197,0.27131239270285373
-1.659067245248952,-0.875712210570375
1.0904031025312197,1.532704170409375
-1.7349745448127722,-0.7369452685591475
-1.047270868747463,1.5721147310145447
-0.5336894538458277,1.8172538531679447
-1.801560097251377,0.5973150056641879
-1.09838116331603,1.5527919435882338
-0.651483125988521,1.792266368749976
-1.8730338866447427,-0.3790317394104211
-1.9086001574580584,0.1564303006168388
-1.2102934435627306,1.490499842492131
-1.889818783168162,0.3610553514141666
-1.920524106300132,0.1806326579555325
-1.7690928537666548,0.7789733466247442
-1.888272094659865,0.4317377636121797
-1.9089414694478959,0.3568003170151442
-1.897909380129746,0.42994881650671285
-1.8325925394968474,0.6664117227213937
-1.7554313946606865,0.8605147405126986
-1.5223061987912954,1.232990201551333
-1.7386461731894218,0.911305922538518
-1.7679696931329743,0.8644692962525022
-1.7619276513124922,0.8856607429148281
-1.7734416640690984,0.8737469108064572
-1.7717447677581766,0.8861610902773406
-1.7590524045489386,0.919760641716418
-1.7504017863159593,0.9466750162869505
-1.7539201818663432,0.9485778806412961
-1.7668553552574107,0.9328591284852225
-1.7531895997981792,0.9686770499807972
-1.7547459922155733,0.9741229402921294
-1.7533409642038067,0.984843369904507
-1.7596714073528879,0.9837746378844635
-1.7441168995278542,1.0190467314021205
-1.7412402586371472,1.033783034152351
-1.7384334282679341,1.0462744455832786
-1.7365971643153901,1.0570332487163048
-1.7513772954599358,1.0421715640658402
-1.7464049376199615,1.0582219964906312
-1.7380570349403308,1.0794784589302486
-1.7455429903577726,1.0768847054410449
-1.744617347549143,1.0859720579419128
-1.7303808243206633,1.1159136179934996
-1.731219146612332,1.1238221684959189
-1.7368227520661084,1.1225287203031864
-1.7421464054476614,1.1235011802333776
-1.7375856162484742,1.1378599325955767
-1.755605096083276,1.1173234744721112
-1.7393791325932713,1.1515017295250056
-1.7392455049171673,1.1589327304142496
-1.7273324239873482,1.1837054942180472
-1.7397201395268909,1.1743827468608934
-1.734756488846893,1.188793053648784
-1.742806372858992,1.1840924569990658
-1.7469421259981923,1.1869023584157699
-1.7442831237972143,1.197886632380641
-1.7496046185659817,1.198968172510257
-1.7432383783369627,1.2152139549450196
-1.757406399475178,1.2017336423199987
-1.7723032197704742,1.1886535648334249
-1.7624183925701529,1.2103410302598345
-1.7717566448333937,1.2037617669159937
-1.7819030325686522,1.1976771612261123
-1.767024046749525,1.2265508624630825
-1.7825096029953142,1.211067510599424
-1.7950986559929873,1.2013412567843371
-1.7813972971425729,1.2286251135855624
-1.7805731532705802,1.2385960785712438
-1.79372668203831,1.2265698472340805
-1.8104366387093243,1.2089864255726297
-1.8036155267518605,1.2280452074983268
-1.823968391691691,1.204879789070107
-1.8089947800511248,1.2343572763781898
-1.8326867926140646,1.2080083278595275
-1.8262862138122178,1.2248590389262894
-1.834501942551835,1.2197588379567263
-1.8300629195213791,1.2353678442443317
-1.8308993741332475,1.241270108315867
-1.8437014368482187,1.2312002321977584
-1.8580537571920372,1.2167486327851593
-1.872295020015007,1.202138244141249
-1.883697642308292,1.193559044355235
-1.8882712283799659,1.1938122834317018
1.6594115363308741,-1.4956969456049602
1.6660967215712401,-1.5017225823598592
0.05005902516385864,-2.250443310550089
0.1223063623412754,-2.252682213214026
0.11575264740278653,-2.257033744678897
-1.9156831594382018,1.2084630870013655
-1.9440637992804055,1.170032881729157
-2.1794223209489325,0.9285899778425184
-2.1977342257235946,0.8976860659958535
-2.201437232001141,0.8991985951719207
-2.225271533813508,0.8497591428159388
-2.2282350043353385,0.8560010312229149
-2.2454016511532435,0.8216157404762203
-2.2596665946019243,0.7936824813740962
-2.2828182642046757,0.7407703912910866
-2.2843866598292664,0.7488615281840073
-2.291378832695443,0.7435482802584281
-2.3046714944816693,0.7148834188338884
-2.317605482789233,0.685998415555959
-2.3331008176390093,0.6501727268443266
-2.3369539981801144,0.6512465050884956
-2.3453160338719616,0.6359187851157502
-2.364756964791398,0.5806457590222927
-2.362100807958075,0.6076189373643736
-2.3820862962883815,0.5421382453167282
-2.389648017232423,0.5313062711253748
-2.4007683050069284,0.49861362363473266
-2.414266989860603,0.4562498237472785
-2.4204521465210935,0.4448959500843208
-2.43201421189612,0.40191027995722495
-2.44344117717318,0.36124121261913666
-2.452873879145955,0.3226232059283314
-2.4590415251145266,0.30593917330479986
-2.4675044549467717,0.2769670825528482
-2.4753624990148033,0.2403112533178351
-2.4811900046550637,0.22085552019319044
-2.491689590055992,0.1466253279846377
-2.498022403077272,0.099418678949433
-2.503212676747991,0.09461128351395441
-2.507887683241339,0.0747018624024232
-2.512990303512761,0.006981006434627031
-2.5177082821406773,-0.038327614591035127
-2.521197855782526,-0.06360323889230729
-2.52425034052561,-0.0940011614627353
-2.5276804369523997,-0.12958629807246655
-2.530404554451594,-0.1525706092621763
-2.5289007557993153,-0.22623431949563164
-2.530195741249892,-0.26466112476317605
-2.5274075375262712,-0.32328801285446873
-2.5323671284554825,-0.323922408484089
0.6257726027219449,-2.479245379078602
0.7034148971557822,-2.4625045142008006
0.7980147234782246,-2.438755523030542
0.8987038120736313,-2.4077440599375013
-2.5089924579934224,-0.5748328850475797
-2.5144408731868646,-0.573435345306931
2.187011698811958,-1.3912022963105093
2.186196818762612,-1.3999140936615488
-2.4679596217582014,-0.8212041800740647
-2.4414607564004402,-0.9084571398566859
-2.432232500779167,-0.9439947362954512
-2.4330910354989914,-0.9555438310064297
-2.411111254481843,-1.020032606592059
-2.3960163194569444,-1.0648895702822887
-2.3697745501527354,-1.133709654827196
-2.3560849856229855,-1.1709075712975532
-2.3296155255277275,-1.2313068274074368
-2.3215831203928428,-1.2569215628300088
-2.2915890424899175,-1.318846336894539
-2.2635522885988726,-1.3760566982427747
-2.254475405924948,-1.3984811918933842
-2.2074811001802397,-1.4787414217323587
-2.18308873242358,-1.5232752825294598
-2.1569905025470613,-1.5668273586843493
-2.1412415765825163,-1.594987307383485
-2.088019881952566,-1.6720639857884596
-2.0434408074203114,-1.7324522119150718
-2.0024809071497383,-1.7856537224503415
-1.980971173956244,-1.8168921839103225
-1.9415473084827701,-1.8647407457669045
-1.9035855654450384,-1.9105420683746521
-1.8501271238268724,-1.967849238554647
-1.8150903522105157,-2.0056101349246083
-1.759418778530001,-2.0612000295352217
-1.7245759111483487,-2.095622563031531
-1.6396431673220433,-2.167739440950904
-1.612095269668391,-2.1945108433345224
-1.5523020320046852,-2.242072122264162
-1.4979650152408863,-2.283519610845147
-1.4080235165546504,-2.345882728703436
-1.3604391848718556,-2.3784039236986643
-1.2859891835783233,-2.425130268608175
-1.21936460005121,-2.463767637611541
-1.1665659841395615,-2.4936184160068473
-1.0602171845787434,-2.5460761028539434
-0.9873754792184417,-2.5794832162737857
-0.939548742046387,-2.601538806421894
-0.8758037555232223,-2.628955834891758
-0.7870648195957177,-2.6610437744905213
-0.69177368772138,-2.6915219049779924
-0.6226865266426019,-2.7134696404304526
-0.5472603923866626,-2.7337611568907763
-0.430008817918472,-2.7596995156198365
-0.339206243767674,-2.776355186965282
-0.21986018325956877,-2.7923578745957816
-0.17546888928912413,-2.8005082875956
-0.08028282199582412,-2.8088529097288784
0.4552360086857573,2.7728794017042757
0.4552360086857573,2.7728794017042757
0.4573420827472928,2.7857076693989926
0.42720063921829776,-2.799593472962008
0.5312188300400884,-2.7858037537864795
0.6820050944617428,-2.7579249538608246
0.7819264263085218,-2.7354370882622003
0.9054592541836659,-2.70128571961819
0.9097539092695011,-2.705118079598164
1.2304867095205527,-2.5839788036462843
1.3300856169612059,-2.53979551372801
1.4598635873378458,-2.472132542232531
1.571780973260917,-2.4073075358364506
1.6860742761485297,-2.334856212984048
1.7964017363442946,-2.2561907724435013
1.8775015051168245,-2.195747958733893
1.966525214784124,-2.121845324150244
2.889150813625083,0.2131116517920115
2.896310399763121,0.1816316828749636
2.9015046641838134,0.16157562848269882
2.3778669662340457,-1.6774530368665757
2.4613971695834573,-1.5616494400365737
2.4458322104773034,-1.593256350431941
2.9414012861933334,-0.22507437344176962
2.95245245083374,-0.09560609586130205
2.9474093620546453,0.30355732979559225
2.935161593472062,0.43349212242732427
0.39170533577993305,3.0156670787607722
0.33186242775251656,3.027867785925635
2.178900921310799,-2.370820696533366
2.181607630529818,-2.3737658154110473
2.0881707261411764,-2.4629218457935345
2.030977720757919,-2.5154360452583497
1.9030439838873316,-2.6197457119709604
1.788176776726711,-2.7042536521516007
1.7111211274760647,-2.75836554631634
1.5735419421987187,-2.8448140108171365
1.4748424855255207,-2.901700302045148
1.3681739108987951,-2.9579014773206858
1.2687775004187012,-3.007307708637623
1.1672441497148573,-3.052435928067359
1.0144673666903232,-3.110761958414755
0.9283963012968387,-3.142739140898963
0.8347281726832424,-3.173041108736049
0.7146664671205065,-3.2073428006331803
0.5865484358656152,-3.237292222272126
0.5028006441159246,-3.255399746924579
0.4317202738507187,-3.2706296955091476
0.2779170822949529,-3.29128714872596
0.10014095772739792,-3.3104857330285293
-0.012466786801862985,-3.3159765649393296
-0.10874240188537242,-3.3182186621788805
-0.1587402892520938,-3.321208593353956
-0.29177682224627993,-3.3161886686375164
-0.4280992848113325,-3.306400913734453
-0.44846727385644003,-3.307736553034382
-0.6172443856467085,-3.2845050416139747
-0.6543133319895132,-3.282420305747084
-0.7272304920038355,-3.271136929494065
-0.8357589120742942,-3.249235608706822
-0.8857196325832719,-3.241157313747136
-1.0074017650505782,-3.21380859476307
-1.1240874618576129,-3.180181815257504
-1.2078135883850865,-3.153619402482224
-1.2787859161102726,-3.1309152944080125
-1.2928265747811623,-3.1294720716982933
-1.4001129952296743,-3.0873586770229644
-1.4729149121581113,-3.0588472765965715
-1.5779013210647483,-3.010552843080839
-1.6337531009472241,-2.9851733291628695
-1.6956135435769406,-2.9562406381819546
-1.7827094794871543,-2.909242326061313
-1.7847994085369634,-2.912652926678032
-1.865507516015634,-2.8675987703458756
-1.964202890714286,-2.8058032725245794
-2.000646695608001,-2.786092747801621
-2.0501069149070155,-2.754889768656895
-2.090905904878034,-2.7290944463221076
-2.148185630059043,-2.6906407227290368
-2.1961624051749147,-2.6568175869066235
-2.1933867013608483,-2.664292735097511
-2.2834017466459944,-2.59422675635998
-2.301586706564445,-2.5834663984975363
-2.3504278636041795,-2.544559855454984
-2.4341449912281674,-2.4716187330732917
-2.4664691840428152,-2.4450478040658368
-2.4773546818142416,-2.4411468166607797
0.06706791452990984,-3.485354773167376
0.007821248206150905,-3.49099123861354
-0.04814330284180212,-3.498668778605869
-0.17428567681002402,-3.499662912747294
-0.1534596707091694,-3.5046417975972712
-0.2728165692909006,-3.501387599155561
-0.27320497556836487,-3.5063724903844267
-0.34015916730098467,-3.5045303167330566
-0.3722135507488078,-3.5062990563611316
-0.43575700437099646,-3.5030009753269575
-0.43975753168501186,-3.5065323773389436
-0.521020467705816,-3.50043692590391
-0.5846005332125899,-3.4944371816599533
-0.6062401729891634,-3.494807842021371
-0.586085547268168,-3.503313821410148
0.4441915501223278,-3.5281482206392525
0.4453157694561582,-3.537077729634121
1.7121729153471748,3.131489247618704
1.8047783285793326,3.0848421652801608
1.8467922539950612,3.064546030097091
1.8794436292194545,3.049330360027658
2.0819687413747237,-2.9148121997718053
2.0819687413747237,-2.9148121997718053
2.0819687413747237,-2.9148121997718053
2.0924308958539934,-2.929459497258096
-0.6762569630911585,-3.5399848191582297
-0.6202206696025262,-3.5542918170850566
-0.5462051624234842,-3.5714743342969633
-0.7141893042028058,-3.545789423776081
-0.6867484612781835,-3.5562987150873653
-0.7621145448553792,-3.5450045727078936
1.6055665876131442,3.2556191320147208
1.5816461137608246,3.2728612208319006
-0.0430594962496133,3.638745234250775
-0.16327212429893737,3.6393393924484303
-0.1452725748889225,3.645106291863811
-0.18920958051746922,3.6470952461706294
-0.15654978333640165,3.6526467342650766
-0.15676388314949846,3.657642148288962
-0.09466763049173978,3.6637771547594267
-0.07645179546310577,3.669203608819013
-0.03245223619302549,3.6738566728121107
-0.09132660319933382,3.676865982266429
-0.12090243066404094,3.6810150233678107
-0.09155007775854916,3.6858632073453843
-0.05474681258650858,3.6905939612089025
-0.025254788966221586,3.6959137159347044
-0.05857987013522362,3.6995362410462937
-0.06234670552538886,3.703475244727597
-0.051305178985286005,3.7086451405613468
-0.05136050945601697,3.712644757860415
-0.05514729048947139,3.717590990998293
-0.06637112702531518,3.7214081842089546
-0.07761836236935479,3.7251914568009923
-0.044148112258122346,3.730738793346975
-0.05913400404190816,3.734531854137272
-0.08162732161220668,3.7381088775430844
-0.09670821515991097,3.7427507960216353
-0.08557086872717692,3.7470230352141254
-0.03314120582368852,3.751853629937681
-0.14961323022414524,3.7540198296415404
-0.16104587941143506,3.757550428766672
-0.16878474337353777,3.7622157979579436
-0.11999036420776185,3.7680900085450837
-0.1050284023063506,3.7725382747838325
-0.15804102454027608,3.7756938480976263
-0.19599667116582312,3.7779193089440004
-0.19998572577947996,3.781715841980258
-0.2040363763046332,3.7865067221839803
-0.24593391680129342,3.7880248822528575
-0.2348159271590105,3.7927379925790357
-0.29585586258710955,3.793480500618507
-0.27337687595286414,3.799177027159205
1.5504364364974772,3.4890214754829185
1.4819014992922477,3.5230174490620096
-1.0272696280225062,-3.686549350184058
-1.0541507480756678,-3.683113791390582
-0.9701797103063999,-3.710252866006546
-0.8969534785921202,-3.733774826799481
-0.890410685989696,-3.739452474664621
-0.8651122024996155,-3.7494912824390276
-0.8286499902359535,-3.762837784662256
-0.7880267196663039,-3.775640725637434
-0.7512040990608246,-3.7882365820463506
-0.7406022983704259,-3.7943990612017133
-0.6347387701641707,-3.8175917400437775
-0.6202637062877369,-3.8250356775672305
-0.5749125674722556,-3.83615908686833
-0.5139925334461426,-3.8488310791150107
-0.44906879263781874,-3.8619789253022616
-0.4147194920135443,-3.869841307204215
-0.29099214523582323,-3.8851177036752764
-0.2329834491927451,-3.894036429259779
-0.18252968487024765,-3.9007317152223075
-0.13197494324914005,-3.90777207809698
-0.0538533544792265,-3.913629493987817
-0.006894088648899919,-3.91799393459736
0.0440951812592866,-3.9227521735370576
2.17027318992661,-3.376701094424228
2.233477601183324,-3.3412480909103985
2.358802097225136,-3.25398427564214
2.3634973987374024,-3.2604614774846725
0.3235028679172362,-4.023014031102716
0.12619070865528795,-4.038028715233347
-0.003072560443460549,-4.044998833049562
0.0940919302486584,-4.047906583490049
0.14283503448222448,-4.051482957254598
0.15903978041671238,-4.050879206819799
0.1593536231013038,-4.058873048372478
1.4412233413994249,-3.8030730048482475
1.5373504425431024,-3.769561594776311
3.3480858244141007,-2.322917629266555
3.4140332223631566,-2.2248600307885975
3.4140332223631566,-2.2248600307885975
3.4140332223631566,-2.2248600307885975
3.4291136145110186,-2.234687633378584
0.28753836546747036,-4.086897440404432
0.47167053085733457,-4.074792130933891
0.6632405134428409,-4.052079468782427
0.8174992960367397,-4.027877220196693
1.0654969913900654,-3.969485629315053
1.0654969913900654,-3.969485629315053
1.0688671765209827,-3.9820411799673874
3.914958722584158,-1.3215605171395726
3.9777070166290653,-1.1332885289545203
4.023727804188223,-0.9785170196795877
4.149035872495037,-0.08945014672627086
4.15399959040381,0.0018447018673682788
4.15694231285335,-0.09377956925385715
4.1553694308479,-0.25194025715395646
4.105932011398396,0.7617731406225382
4.094043934091234,0.8232741133612613
4.094043934091234,0.8232741133612613
4.094043934091234,0.8232741133612613
4.094043934091234,0.8232741133612613
4.094043934091234,0.8232741133612613
4.094043934091234,0.8232741133612613
4.123455169249936,0.8291884388882819
4.209831751150515,-0.09918481237063302
4.2091801615752855,-0.2214212442405946
3.0571192811038386,-2.9264049106545653
3.031280018707276,-2.9603226932525475
2.995365918698399,-3.002309779669662
3.073098657951932,-2.9299455009426434
3.081874652336422,-2.9207130340528593
3.081874652336422,-2.9207130340528593
3.081874652336422,-2.9207130340528593
3.081874652336422,-2.9207130340528593
3.0971170846725182,-2.9351583882014958
2.1588575228710134,-3.6910039550159293
2.1866850786755694,-3.679240188775071
2.2332833935053076,-3.6570029100745076
2.3261705076421877,-3.6033944787346948
3.2384940333970755,2.8257672224816295
3.1109915987386993,2.9713524315666806
-1.0673106312676566,4.186077879875509
-1.2557017077751038,4.137655038918867
0.657349187488438,-4.313196152009353
0.623536706656438,-4.3232656609849975
2.3968397479656676,-3.656438598222576
2.4681313464887507,-3.6135444727413595
2.5534970355183226,-3.559889589523689
1.1350070682078632,-4.262473455063174
1.3102492067629332,-4.2171439406519085
-1.9208740354784222,-4.009633267497769
-2.109505908680594,-3.9193603842006746
-2.0069010465847,-3.9728766894049494
-2.0105081479939737,-3.9800173349936347
-3.9278491795112265,2.2020467349747563
-3.955343973318647,2.1606256160500954
-3.908939537973508,2.253516294253816
-3.9056207719680933,2.267241139705116
-3.9860935794349475,2.131069678820354
-4.066690578892369,1.9843519686658544
-4.234991676677558,1.5938853467146883
-4.242478954779972,1.5967032655597087
2.341863556348729,-3.8870450323408505
2.37110343196362,-3.8739685743343792
3.917295746608556,-2.3086799331225003
3.892731640095942,-2.35759228413141
-2.1026232835225738,-4.060948697975481
-2.2692917425321153,-3.974826283911733
-1.9502322332711235,-4.145136335069129
-1.9978880724898762,-4.127934017132867
1.8157533828726302,-4.22102649276057
1.7068899432237112,-4.2705184371129645
1.3624920000858955,4.401963147244867
1.473381727038289,4.370319243079351
1.5488027939329296,4.34840958345756
1.533055603616538,4.3592868127963245
1.3807669901488697,4.414080597238255
1.443674291116994,4.39811840917998
0.4772279967759714,4.609361066253456
0.5329642921822035,4.607276100176624
-0.21695772403831892,-4.654946760810494
-0.021334402799051293,-4.6639512050682095
-1.4324669722032053,4.443827108872146
-1.2546894546348377,4.501409043002884
0.26843246476688964,-4.669290418453233
0.23131697802707077,-4.676282332759264
0.07696742734452364,-4.685367863372946
0.7254578747318052,-4.69123862876209
0.7215254549798541,-4.696903769273553
0.5524705935076866,-4.723802731201766
-3.9866976100196245,2.633538715542988
-3.9446531287046325,2.7031899108647095
-3.9514816506752832,2.7020662028115705
-4.403838629469295,1.8867661025135063
-4.465675544824478,1.7463581901650658
-4.400690125906221,1.916748918286244
-4.428923003010748,1.8609290780151346
-4.456447688092076,1.804698867761265
-3.6928731685044545,-3.0866902600260797
-3.7418635606336217,-3.033470964687527
-3.8748866870404566,-2.868326020974016
-3.929957703919972,-2.801019179762976
-3.9841175924262964,-2.7622293550173
-4.086939225702855,-2.6151160137575835
-4.003091995984152,-2.757639474566538
-4.121322215067393,-2.5851360118167857
-3.6553943976291396,3.2435876429937105
-3.642109456167993,3.264493790665206
-2.8511320578541453,3.98510300854023
-2.9129616033017585,3.9451071845628793
-3.025349796712109,3.865946146486523
0.07464882229614592,4.921433892000358
0.1879647091870533,4.922412545500451
-3.905469276837884,3.02341375396676
-3.7916223623342216,3.172811980160037
-3.807361142537404,3.160174857550809
-1.272974981128053,4.804210101298863
-1.0855632958011547,4.854093976305911
-0.9648532887709628,4.884618626991043
-0.9313852490195875,4.895182378411321
-1.127299514704733,4.8579177436579215
-1.206086610489162,4.844111795571894
-4.872311157769261,1.1448183182833704
-4.856023990836002,1.2284591977046664
-4.917234805818494,0.9751773502533544
-4.945852740201731,0.8478588751903332
0.5848800332866279,-5.000913951135596
0.6054796309511556,-5.003498217897479
0.4755758349376887,-5.021530008396177
0.5713460565304341,-5.01556254907534
0.7022377590745383,-5.003965540421913
-4.111958344743239,2.959080021070137
-4.049063309014164,3.0512270186918684
-4.089414605338276,3.0053807056088577
-4.013061879575651,3.1131295107490695
-4.053319306461985,3.067163445247503
-4.06649870925671,3.0579948083038837
-3.9601111146063883,3.200934857189528
-4.063685852002808,3.0750078530358596
-4.046027328751245,3.106423000011116
1.6127694415799043,-4.8435523872779624
1.5167698364022426,-4.8786566043717725
0.8219504444567745,-5.0475135925381425
0.7770974912851207,-5.058660246452451
-3.6102553965212176,3.671274570484946
-3.635039615414655,3.652382235523285
-3.6158646494192888,3.676978628858199
4.654795425686586,2.252136884162958
4.700376427865713,2.164967998923854
4.752593772206736,2.0578856713582883
4.744737314259181,2.0883782748047763
-1.1120075259107398,5.06742373029115
-0.9653489890349309,5.1014669781710085
-0.8742122335806799,5.122944658168569
-0.9670223597786354,5.1103100449667584
4.378240700062403,-2.8147883352602343
4.342573426950201,-2.878568399664317
-0.3543743608428684,5.2019433688168135
-0.3911537250194434,5.204321258666054
-0.40186934727174495,5.207516685304367
-0.31874511911524694,5.21727232843372
-0.48597057967092017,5.209381594363607
1.5749458198171107,5.002956192556618
1.7107388609413272,4.962395948497577
1.507047520803538,5.032178133774669
1.2803678377499559,5.099727659400598
1.8813893008521505,4.9238008995733225
2.088052360695268,4.844136903411682
2.1913865369257723,4.803771960218394
2.159341345370602,4.822644601686203
-3.001824713796452,4.359460676235175
-3.017167965564046,4.353723287896707
-2.8472700093833003,4.471426449542296
-2.845478538236948,4.478491697930557
-2.967581475275731,4.40335783097403
-3.428155028102434,4.061647215514416
-3.4832847831596494,4.019762196872899
-5.290810081250104,-0.6284207858929195
-5.280078568429165,-0.7129896992348693
-5.288006614327707,-0.7140602543388256
-4.29424827139644,3.1758011246941598
-4.24606556751409,3.2465292538911843
-4.278311307285316,3.2105845819655037
-4.25321516341823,3.251995813907091
-4.330112180194636,3.1556762360752497
1.24144978856934,-5.2214453384538215
1.1376267983977344,-5.2491376689478555
2.4463361079792025,-4.787151099223543
2.259504265690246,-4.882523985944932
-5.37975216078035,0.31557517104353877
-5.380685010036129,0.3642496709298352
-5.383558087090827,0.38067219877338404
-5.397328081776256,0.22461873846463523
-5.401097136691613,0.23018627244400322
-5.408630898513899,0.16010247855897983
-5.410316838729808,0.225159287076268
-5.415757995581763,0.18742020513327767
-5.422958972235872,0.10626375415192192
-3.1169101255199214,4.555795349818886
-3.2276782943254374,4.482930830198079
-3.2479343179863287,4.473221061611719
0.36200377975556824,-5.525153596366592
0.25161731657543224,-5.535284069133162
0.02454492104172966,-5.545945685530202
0.5212997843589466,5.530485650901493
0.6708974995046267,5.5183672898021605
0.49435186915575274,5.540991358002845
0.2837427867651829,5.560765597555675
0.44518266652592203,5.554187284691152
0.5232704946148491,5.55139297739455
0.7344529002425144,5.53246237559058
0.5741363619682773,5.555411095307513
3.1898188112245225,4.611236813649693
3.2105269285616322,4.601721182446912
2.998195593569224,4.748713423939382
2.962218690357531,4.775946024663231
3.0451436523581865,4.728263543469488
2.89487745561501,4.827558960486341
2.843619497223831,4.862562817589967
4.6102681869322835,3.267908848875702
4.590527117896779,3.3024363400153973
4.597076649940913,3.3001768550439885
3.9517120433329254,4.057692438637694
4.010961221039678,4.004798881756224
1.278563483722643,5.531148562287133
1.0068199417793893,5.591070971185695
1.1303652722653594,5.57148986818216
0.6769317470372388,5.653618258235438
0.4960485044051502,5.676366785301793
0.7289365559097285,5.656223165457536
0.7181259891859243,5.661637931169365
0.5314000229584961,5.6872276212228146
0.4634409804639731,5.697181624068746
-5.63829601121919,-0.9633369555195973
-5.678002391706948,-0.7320613633911938
-5.7123658857522805,-0.4362533521860516
-5.694324136510148,-0.6648019467164306
-5.667227813764213,-0.8984280198754429
-5.707155812015947,-0.6316142314519153
2.9951861049263573,-4.924688436526323
3.1534026621805107,-4.829686910158138
-1.4482467805672947,-5.588390668392508
-1.3652064094145897,-5.613371576841615
-1.4827775315296148,-5.583466646447433
-1.4827775315296148,-5.583466646447433
-1.486114230146524,-5.596031137775772
-5.236438512328673,-2.53092230354886
-5.270959369704534,-2.47002597616381
-4.267789776706897,-3.9776282407781767
-4.380477305691841,-3.8592308267734854
-4.4371135710111815,-3.8001298869839166
-4.402655936164987,-3.847600513014729
-3.7924566790462664,-4.4791107753166095
-3.580266430777986,-4.655515147074947
-2.2150847602730384,5.453292171230709
-2.4598282111301493,5.351760941197602
-2.304166117318576,-5.426033864969978
-2.3490930677442927,-5.411096262225956
-2.4266708408238715,-5.382237883101709
-2.3201187732834883,-5.433370305607517
-2.0112321408737013,-5.568948399430236
-1.9119614474650557,-5.608032491293834
-1.8404493323216613,-5.6371665094404255
-4.404859211437594,3.9895443759173026
-4.439620395624184,3.956839615495904
-4.391496880314587,4.017593701481927
-4.5632054740558985,3.8276744638940086
-5.964999119618142,0.3940425141463682
-5.968990420467669,0.3943061759156197
5.544077251518025,-2.3150100278833228
5.607049377682169,-2.171903836783295
5.278809790234701,-2.887638515902274
5.296700755644426,-2.863110564605526
3.8554459196948834,-4.631221519243931
3.6887067992484432,-4.7701511662816625
3.869831346825036,-4.629639440294495
2.1865964484344342,-5.633528643017085
1.9783424244616128,-5.7152834795463425
3.6236633725829646,-4.874683555083412
3.822940065685375,-4.725168066236111
0.6713428080777649,6.0589202696554985
0.6717833217313592,6.062895939123776
-2.5148470495725848,5.561866621670828
-2.4555253643098722,5.593771195287744
-4.01538965625699,4.609274878809505
-4.163528171654459,4.4813750304833535
-3.327546693811393,5.1387077169756274
-3.3297208504228353,5.142065252236638
-3.6861117905944587,4.892898513891384
-3.6915272339694747,4.900086905439706
4.8341141061469575,-3.7921071726351565
4.912180356350999,-3.697078325743096
4.863103530643652,-3.76793418868234
4.851933105611771,-3.7904345580247814
4.715424688014412,-3.9651848647527363
4.678573301632293,-4.0147449310327925
4.68236776497506,-4.018001009646769
5.034962852042702,-3.57315338021614
4.984028090986007,-3.6506366551962395
5.088393775976723,-3.5125116057603782
5.1643679997998815,-3.407091452051584
6.0742020886777155,-1.2020536535044017
6.028041565794391,-1.4328750402791959
5.954465155843922,-1.7275256026585037
5.919791914663472,-1.8595936887086328
5.778952020141709,-2.270549393627027
5.733691190841287,-2.392938429644404
5.6006812196449465,-2.7010912379844547
5.520689660874548,-2.869715956033432
5.3800941033154865,-3.133315087805555
5.258054016862158,-3.34338585206071
5.1830973906558535,-3.4656494974212975
5.014858620611276,-3.7133264083946043
4.865470711388185,-3.91340398587007
4.613646640499676,-4.207350790771558
4.6202966756957835,-4.21341519774096
4.07214414366979,-4.762394153487911
3.9446074135762705,-4.873702119822171
3.7186943736535043,-5.053156256772372
3.5424133856708075,-5.184317544770988
